North Pole Environmental Observatory   ÑÑÑ   2002 Aerial CTD Survey
Cast 3 (Helo-2)     88deg 19.4'N _ 123deg 21.0'E   4/23/2002 _ 1432 UTC

  Depth(m)  Pres(dbar)    Temp(degC)   Cond(S/m)    Sal(psu)
#
     0.557       0.561     -1.7573     2.52763     31.8503
     0.559       0.563     -1.7570     2.52773     31.8514
     0.570       0.574     -1.7573     2.52784     31.8532
     0.591       0.595     -1.7565     2.52785     31.8526
     0.626       0.631     -1.7575     2.52789     31.8541
     0.679       0.684     -1.7595     2.52792     31.8566
     0.751       0.757     -1.7597     2.52789     31.8564
     0.849       0.855     -1.7590     2.52790     31.8557
     0.978       0.985     -1.7590     2.52801     31.8572
     1.142       1.151     -1.7580     2.52812     31.8576
     1.351       1.361     -1.7570     2.52813     31.8565
     1.611       1.623     -1.7572     2.52806     31.8555
     1.931       1.946     -1.7565     2.52801     31.8540
     2.318       2.336     -1.7560     2.52792     31.8520
     2.773       2.794     -1.7557     2.52773     31.8487
     3.288       3.313     -1.7564     2.52758     31.8470
     3.854       3.883     -1.7564     2.52758     31.8466
     4.456       4.490     -1.7559     2.52771     31.8476
     5.086       5.125     -1.7557     2.52803     31.8515
     5.739       5.783     -1.7569     2.52890     31.8644
     6.414       6.463     -1.7597     2.53076     31.8926
     7.105       7.159     -1.7626     2.53370     31.9361
     7.808       7.867     -1.7631     2.53617     31.9704
     8.519       8.584     -1.7644     2.53711     31.9844
     9.239       9.309     -1.7651     2.53834     32.0018
     9.963      10.039     -1.7661     2.54066     32.0345
    10.689      10.771     -1.7681     2.54269     32.0644
    11.414      11.501     -1.7694     2.54395     32.0827
    12.133      12.226     -1.7696     2.54501     32.0973
    12.842      12.940     -1.7693     2.54585     32.1081
    13.539      13.642     -1.7696     2.54617     32.1124
    14.224      14.333     -1.7693     2.54624     32.1126
    14.898      15.012     -1.7706     2.54633     32.1149
    15.561      15.680     -1.7713     2.54654     32.1181
    16.212      16.336     -1.7713     2.54688     32.1224
    16.849      16.978     -1.7713     2.54745     32.1299
    17.476      17.610     -1.7723     2.54818     32.1407
    18.093      18.231     -1.7728     2.54900     32.1522
    18.694      18.837     -1.7718     2.55065     32.1737
    19.275      19.422     -1.7730     2.55351     32.2143
    19.833      19.985     -1.7738     2.55672     32.2593
    20.370      20.526     -1.7738     2.55961     32.2990
    20.884      21.044     -1.7743     2.56188     32.3307
    21.377      21.541     -1.7780     2.56403     32.3642
    21.858      22.025     -1.7830     2.56659     32.4050
    22.328      22.499     -1.7847     2.56910     32.4413
    22.794      22.968     -1.7857     2.57190     32.4811
    23.253      23.431     -1.7845     2.57475     32.5190
    23.708      23.890     -1.7837     2.57693     32.5481
    24.164      24.349     -1.7837     2.58108     32.6055
    24.623      24.812     -1.7862     2.58757     32.6980
    25.089      25.281     -1.7909     2.59222     32.7675
    25.558      25.754     -1.7919     2.59411     32.7947
    26.028      26.227     -1.7907     2.59515     32.8075
    26.495      26.698     -1.7904     2.59650     32.8256
    26.962      27.169     -1.7902     2.59880     32.8570
    27.429      27.639     -1.7892     2.60125     32.8896
    27.895      28.109     -1.7904     2.60288     32.9134
    28.361      28.578     -1.7901     2.60397     32.9280
    28.829      29.050     -1.7886     2.60478     32.9372
    29.302      29.527     -1.7891     2.60541     32.9463
    29.781      30.009     -1.7889     2.60605     32.9547
    30.266      30.498     -1.7874     2.60656     32.9597
    30.757      30.993     -1.7879     2.60697     32.9657
    31.252      31.492     -1.7891     2.60768     32.9766
    31.750      31.994     -1.7889     2.60879     32.9915
    32.253      32.501     -1.7864     2.61072     33.0153
    32.759      33.010     -1.7833     2.61411     33.0585
    33.264      33.519     -1.7786     2.61750     33.1002
    33.770      34.029     -1.7723     2.61995     33.1269
    34.275      34.538     -1.7656     2.62333     33.1660
    34.781      35.048     -1.7596     2.62833     33.2286
    35.287      35.558     -1.7553     2.63401     33.3024
    35.791      36.066     -1.7494     2.63958     33.3729
    36.293      36.572     -1.7439     2.64439     33.4334
    36.797      37.080     -1.7394     2.64841     33.4839
    37.300      37.587     -1.7329     2.65191     33.5248
    37.800      38.091     -1.7269     2.65511     33.5623
    38.297      38.591     -1.7204     2.65830     33.5990
    38.789      39.087     -1.7154     2.66121     33.6334
    39.277      39.579     -1.7124     2.66331     33.6589
    39.764      40.070     -1.7104     2.66502     33.6802
    40.250      40.560     -1.7069     2.66702     33.7037
    40.738      41.052     -1.7046     2.66909     33.7296
    41.229      41.546     -1.7009     2.67143     33.7575
    41.724      42.045     -1.6961     2.67428     33.7915
    42.224      42.549     -1.6899     2.67703     33.8223
    42.727      43.056     -1.6851     2.67918     33.8464
    43.231      43.564     -1.6806     2.68081     33.8637
    43.734      44.071     -1.6752     2.68217     33.8760
    44.237      44.578     -1.6722     2.68354     33.8913
    44.737      45.082     -1.6679     2.68504     33.9069
    45.240      45.589     -1.6624     2.68648     33.9203
    45.743      46.096     -1.6567     2.68780     33.9320
    46.247      46.604     -1.6507     2.68909     33.9427
    46.751      47.111     -1.6427     2.69043     33.9518
    47.252      47.616     -1.6345     2.69190     33.9625
    47.755      48.123     -1.6290     2.69328     33.9750
    48.261      48.633     -1.6260     2.69436     33.9863
    48.767      49.143     -1.6218     2.69531     33.9944
    49.273      49.653     -1.6173     2.69617     34.0009
    49.778      50.162     -1.6135     2.69691     34.0065
    50.285      50.673     -1.6098     2.69777     34.0139
    50.789      51.181     -1.6061     2.69880     34.0236
    51.288      51.684     -1.6008     2.69986     34.0319
    51.786      52.186     -1.5884     2.70123     34.0364
    52.282      52.686     -1.5695     2.70311     34.0406
    52.774      53.182     -1.5541     2.70505     34.0496
    53.263      53.674     -1.5431     2.70655     34.0574
    53.749      54.164     -1.5359     2.70764     34.0640
    54.233      54.652     -1.5180     2.70930     34.0662
    54.713      55.136     -1.4783     2.71252     34.0650
    55.191      55.618     -1.4448     2.71627     34.0782
    55.667      56.097     -1.4291     2.71883     34.0953
    56.137      56.571     -1.4144     2.72062     34.1029
    56.600      57.038     -1.3971     2.72248     34.1085
    57.055      57.496     -1.3825     2.72432     34.1169
    57.498      57.943     -1.3688     2.72599     34.1240
    57.934      58.382     -1.3594     2.72731     34.1313
    58.362      58.814     -1.3502     2.72844     34.1361
    58.779      59.234     -1.3413     2.72958     34.1412
    59.182      59.640     -1.3343     2.73059     34.1469
    59.571      60.032     -1.3286     2.73146     34.1521
    59.943      60.407     -1.3227     2.73236     34.1576
    60.297      60.764     -1.3158     2.73336     34.1633
    60.636      61.105     -1.3096     2.73432     34.1692
    60.958      61.430     -1.3054     2.73510     34.1748
    61.266      61.740     -1.3026     2.73575     34.1805
    61.562      62.039     -1.2977     2.73644     34.1842
    61.851      62.330     -1.2917     2.73721     34.1877
    62.139      62.620     -1.2858     2.73799     34.1915
    62.432      62.916     -1.2806     2.73881     34.1966
    62.734      63.220     -1.2752     2.73972     34.2029
    63.032      63.520     -1.2717     2.74052     34.2097
    63.315      63.806     -1.2683     2.74111     34.2137
    63.580      64.073     -1.2660     2.74168     34.2187
    63.826      64.321     -1.2633     2.74235     34.2247
    64.054      64.550     -1.2606     2.74299     34.2302
    64.266      64.764     -1.2561     2.74348     34.2317
    64.471      64.971     -1.2534     2.74390     34.2342
    64.677      65.178     -1.2512     2.74439     34.2383
    64.887      65.390     -1.2465     2.74500     34.2412
    65.112      65.617     -1.2408     2.74577     34.2451
    65.361      65.868     -1.2364     2.74660     34.2514
    65.643      66.152     -1.2341     2.74725     34.2574
    65.969      66.481     -1.2327     2.74767     34.2613
    66.352      66.867     -1.2294     2.74804     34.2625
    66.808      67.326     -1.2275     2.74847     34.2659
    67.353      67.876     -1.2267     2.74882     34.2695
    68.013      68.541     -1.2262     2.74907     34.2719
    68.805      69.339     -1.2245     2.74931     34.2728
    69.716      70.257     -1.2220     2.74960     34.2733
    70.686      71.235     -1.2196     2.74996     34.2748
    71.643      72.200     -1.2176     2.75032     34.2769
    72.541      73.105     -1.2159     2.75064     34.2788
    73.355      73.925     -1.2144     2.75091     34.2803
    74.078      74.654     -1.2139     2.75112     34.2821
    74.710      75.291     -1.2132     2.75128     34.2831
    75.257      75.842     -1.2122     2.75148     34.2844
    75.724      76.313     -1.2102     2.75176     34.2856
    76.120      76.712     -1.2085     2.75204     34.2872
    76.452      77.047     -1.2065     2.75229     34.2882
    76.729      77.326     -1.2053     2.75257     34.2905
    76.955      77.554     -1.2040     2.75289     34.2932
    77.135      77.735     -1.2028     2.75317     34.2956
    77.274      77.875     -1.2016     2.75342     34.2976
    77.381      77.983     -1.1993     2.75371     34.2988
    77.466      78.069     -1.1961     2.75403     34.2995
    77.538      78.141     -1.1947     2.75435     34.3023
    77.600      78.204     -1.1942     2.75459     34.3049
    77.657      78.261     -1.1934     2.75472     34.3058
    77.711      78.316     -1.1935     2.75488     34.3081
    77.768      78.373     -1.1925     2.75516     34.3107
    77.830      78.436     -1.1900     2.75548     34.3122
    77.900      78.506     -1.1885     2.75576     34.3143
    77.978      78.585     -1.1880     2.75597     34.3165
    78.071      78.679     -1.1868     2.75613     34.3174
    78.182      78.791     -1.1861     2.75630     34.3187
    78.315      78.925     -1.1861     2.75645     34.3208
    78.471      79.082     -1.1851     2.75662     34.3218
    78.654      79.266     -1.1841     2.75677     34.3227
    78.871      79.485     -1.1843     2.75690     34.3244
    79.128      79.744     -1.1831     2.75703     34.3247
    79.425      80.043     -1.1819     2.75723     34.3259
    79.755      80.376     -1.1812     2.75747     34.3282
    80.111      80.735     -1.1802     2.75775     34.3307
    80.474      81.101     -1.1787     2.75799     34.3320
    80.829      81.459     -1.1787     2.75816     34.3342
    81.170      81.802     -1.1777     2.75836     34.3356
    81.485      82.120     -1.1757     2.75857     34.3359
    81.770      82.407     -1.1750     2.75873     34.3372
    82.018      82.657     -1.1745     2.75889     34.3386
    82.227      82.868     -1.1743     2.75906     34.3405
    82.400      83.042     -1.1740     2.75922     34.3422
    82.544      83.187     -1.1720     2.75938     34.3421
    82.662      83.306     -1.1713     2.75950     34.3429
    82.761      83.406     -1.1708     2.75959     34.3435
    82.847      83.493     -1.1691     2.75972     34.3432
    82.927      83.573     -1.1686     2.75991     34.3453
    83.003      83.650     -1.1696     2.76010     34.3490
    83.081      83.729     -1.1684     2.76023     34.3493
    83.167      83.815     -1.1676     2.76032     34.3496
    83.264      83.913     -1.1676     2.76044     34.3512
    83.373      84.023     -1.1671     2.76064     34.3532
    83.498      84.149     -1.1654     2.76080     34.3534
    83.641      84.293     -1.1644     2.76089     34.3534
    83.810      84.463     -1.1647     2.76101     34.3553
    84.005      84.660     -1.1640     2.76117     34.3566
    84.232      84.889     -1.1635     2.76134     34.3582
    84.486      85.145     -1.1622     2.76155     34.3594
    84.766      85.427     -1.1605     2.76179     34.3605
    85.072      85.736     -1.1600     2.76199     34.3625
    85.403      86.069     -1.1595     2.76211     34.3634
    85.755      86.424     -1.1581     2.76220     34.3628
    86.124      86.796     -1.1603     2.76227     34.3661
    86.505      87.180     -1.1593     2.76236     34.3659
    86.887      87.565     -1.1583     2.76244     34.3656
    87.262      87.943     -1.1586     2.76252     34.3668
    87.635      88.319     -1.1573     2.76264     34.3668
    88.021      88.708     -1.1571     2.76276     34.3679
    88.443      89.134     -1.1573     2.76285     34.3691
    88.929      89.623     -1.1561     2.76296     34.3689
    89.505      90.204     -1.1549     2.76308     34.3688
    90.203      90.908     -1.1546     2.76319     34.3695
    91.029      91.740     -1.1544     2.76331     34.3705
    91.919      92.637     -1.1524     2.76347     34.3697
    92.784      93.509     -1.1516     2.76363     34.3705
    93.574      94.306     -1.1511     2.76383     34.3722
    94.296      95.034     -1.1499     2.76403     34.3731
    94.992      95.735     -1.1492     2.76416     34.3737
    95.711      96.460     -1.1492     2.76429     34.3749
    96.506      97.261     -1.1487     2.76444     34.3760
    97.435      98.198     -1.1484     2.76456     34.3767
    98.558      99.330     -1.1481     2.76461     34.3763
    99.892     100.675     -1.1467     2.76466     34.3745
   101.315     102.109     -1.1462     2.76478     34.3747
   102.588     103.392     -1.1459     2.76490     34.3752
   103.575     104.387     -1.1467     2.76502     34.3771
   104.287     105.105     -1.1457     2.76518     34.3777
   104.785     105.607     -1.1442     2.76531     34.3775
   105.127     105.952     -1.1442     2.76544     34.3790
   105.363     106.190     -1.1432     2.76560     34.3798
   105.526     106.354     -1.1417     2.76572     34.3797
   105.640     106.469     -1.1422     2.76580     34.3813
   105.723     106.553     -1.1419     2.76588     34.3821
   105.793     106.623     -1.1400     2.76597     34.3810
   105.861     106.692     -1.1392     2.76605     34.3812
   105.941     106.772     -1.1392     2.76614     34.3823
   106.045     106.877     -1.1392     2.76625     34.3838
   106.188     107.021     -1.1392     2.76637     34.3854
   106.378     107.213     -1.1387     2.76646     34.3858
   106.628     107.465     -1.1370     2.76655     34.3849
   106.948     107.788     -1.1360     2.76667     34.3853
   107.358     108.201     -1.1362     2.76687     34.3880
   107.871     108.718     -1.1345     2.76707     34.3885
   108.476     109.328     -1.1340     2.76720     34.3893
   109.128     109.985     -1.1340     2.76728     34.3900
   109.788     110.651     -1.1318     2.76737     34.3883
   110.450     111.318     -1.1318     2.76749     34.3895
   111.131     112.005     -1.1318     2.76765     34.3912
   111.864     112.744     -1.1318     2.76777     34.3924
   112.692     113.578     -1.1313     2.76786     34.3925
   113.657     114.551     -1.1305     2.76795     34.3922
   114.771     115.674     -1.1295     2.76811     34.3926
   115.928     116.841     -1.1275     2.76835     34.3928
   116.965     117.886     -1.1273     2.76851     34.3942
   117.795     118.723     -1.1270     2.76860     34.3946
   118.431     119.364     -1.1251     2.76873     34.3938
   118.912     119.849     -1.1238     2.76889     34.3942
   119.287     120.227     -1.1226     2.76906     34.3948
   119.594     120.536     -1.1223     2.76922     34.3965
   119.868     120.813     -1.1221     2.76939     34.3984
   120.139     121.086     -1.1206     2.76955     34.3987
   120.439     121.388     -1.1206     2.76971     34.4007
   120.800     121.752     -1.1191     2.76983     34.4005
   121.247     122.203     -1.1179     2.76993     34.4001
   121.811     122.772     -1.1184     2.77005     34.4019
   122.526     123.492     -1.1164     2.77021     34.4014
   123.398     124.372     -1.1156     2.77037     34.4022
   124.355     125.336     -1.1151     2.77054     34.4033
   125.254     126.243     -1.1134     2.77070     34.4030
   126.006     127.001     -1.1124     2.77082     34.4031
   126.593     127.593     -1.1132     2.77091     34.4047
   127.037     128.040     -1.1137     2.77099     34.4061
   127.370     128.376     -1.1134     2.77107     34.4067
   127.627     128.635     -1.1109     2.77120     34.4055
   127.838     128.848     -1.1084     2.77136     34.4047
   128.035     129.047     -1.1070     2.77153     34.4052
   128.240     129.253     -1.1075     2.77164     34.4073
   128.469     129.484     -1.1082     2.77173     34.4090
   128.743     129.760     -1.1082     2.77181     34.4100
   129.080     130.100     -1.1077     2.77189     34.4104
   129.499     130.523     -1.1065     2.77201     34.4104
   129.999     131.027     -1.1052     2.77214     34.4102
   130.540     131.572     -1.1045     2.77223     34.4103
   131.080     132.117     -1.1040     2.77235     34.4111
   131.611     132.652     -1.1027     2.77251     34.4114
   132.141     133.186     -1.1025     2.77263     34.4125
   132.686     133.736     -1.1022     2.77272     34.4131
   133.270     134.325     -1.1008     2.77284     34.4128
   133.916     134.976     -1.1008     2.77300     34.4145
   134.646     135.712     -1.1002     2.77312     34.4150
   135.453     136.525     -1.0990     2.77321     34.4144
   136.267     137.346     -1.0988     2.77333     34.4153
   136.997     138.082     -1.0990     2.77349     34.4173
   137.597     138.687     -1.0973     2.77366     34.4172
   138.065     139.159     -1.0953     2.77383     34.4169
   138.418     139.515     -1.0951     2.77399     34.4186
   138.682     139.781     -1.0948     2.77411     34.4198
   138.882     139.983     -1.0918     2.77420     34.4176
   139.044     140.146     -1.0906     2.77433     34.4177
   139.184     140.287     -1.0921     2.77444     34.4209
   139.319     140.423     -1.0921     2.77453     34.4220
   139.457     140.563     -1.0921     2.77465     34.4236
   139.611     140.718     -1.0906     2.77481     34.4240
   139.786     140.894     -1.0884     2.77498     34.4237
   139.988     141.098     -1.0884     2.77514     34.4258
   140.230     141.342     -1.0878     2.77531     34.4272
   140.524     141.638     -1.0866     2.77551     34.4284
   140.884     142.001     -1.0849     2.77571     34.4289
   141.332     142.453     -1.0834     2.77580     34.4282
   141.887     143.013     -1.0829     2.77589     34.4286
   142.551     143.682     -1.0822     2.77609     34.4300
   143.304     144.441     -1.0812     2.77629     34.4312
   144.146     145.290     -1.0787     2.77650     34.4307
   145.101     146.253     -1.0782     2.77670     34.4322
   146.221     147.382     -1.0787     2.77679     34.4333
   147.563     148.736     -1.0762     2.77689     34.4309
   149.076     150.261     -1.0742     2.77709     34.4304
   150.546     151.743     -1.0735     2.77733     34.4320
   151.799     153.007     -1.0720     2.77758     34.4329
   152.799     154.015     -1.0688     2.77783     34.4320
   153.564     154.786     -1.0673     2.77803     34.4325
   154.126     155.353     -1.0673     2.77816     34.4339
   154.522     155.752     -1.0653     2.77833     34.4337
   154.790     156.023     -1.0634     2.77853     34.4340
   154.970     156.204     -1.0643     2.77865     34.4367
   155.090     156.325     -1.0626     2.77883     34.4371
   155.176     156.412     -1.0621     2.77910     34.4402
   155.248     156.484     -1.0616     2.77933     34.4427
   155.322     156.559     -1.0582     2.77943     34.4402
   155.417     156.655     -1.0569     2.77950     34.4395
   155.548     156.787     -1.0557     2.77966     34.4403
   155.733     156.973     -1.0550     2.77988     34.4423
   155.987     157.230     -1.0535     2.78013     34.4438
   156.323     157.568     -1.0518     2.78042     34.4457
   156.743     157.992     -1.0520     2.78069     34.4494
   157.239     158.492     -1.0498     2.78084     34.4485
   157.787     159.045     -1.0466     2.78098     34.4464
   158.365     159.627     -1.0441     2.78129     34.4475
   158.958     160.225     -1.0416     2.78157     34.4481
   159.564     160.836     -1.0402     2.78175     34.4485
   160.176     161.454     -1.0392     2.78195     34.4497
   160.789     162.072     -1.0377     2.78215     34.4504
   161.391     162.679     -1.0377     2.78228     34.4517
   161.971     163.264     -1.0372     2.78241     34.4525
   162.511     163.808     -1.0370     2.78256     34.4541
   162.994     164.295     -1.0362     2.78273     34.4552
   163.408     164.713     -1.0335     2.78294     34.4547
   163.754     165.061     -1.0308     2.78319     34.4547
   164.036     165.346     -1.0278     2.78344     34.4545
   164.273     165.585     -1.0259     2.78369     34.4556
   164.482     165.796     -1.0219     2.78394     34.4544
   164.683     165.998     -1.0200     2.78423     34.4559
   164.894     166.211     -1.0187     2.78451     34.4581
   165.132     166.451     -1.0185     2.78471     34.4605
   165.417     166.738     -1.0182     2.78483     34.4617
   165.770     167.094     -1.0178     2.78491     34.4621
   166.209     167.537     -1.0172     2.78499     34.4622
   166.760     168.093     -1.0148     2.78504     34.4598
   167.452     168.790     -1.0150     2.78514     34.4609
   168.312     169.658     -1.0128     2.78542     34.4617
   169.368     170.722     -1.0106     2.78581     34.4639
   170.633     171.998     -1.0101     2.78613     34.4669
   172.075     173.452     -1.0089     2.78634     34.4675
   173.580     174.970     -1.0072     2.78648     34.4664
   175.033     176.435     -1.0062     2.78660     34.4660
   176.373     177.786     -1.0069     2.78676     34.4681
   177.583     179.007     -1.0059     2.78688     34.4679
   178.672     180.105     -1.0045     2.78701     34.4674
   179.654     181.095     -1.0040     2.78722     34.4690
   180.545     181.994     -1.0012     2.78750     34.4691
   181.361     182.817     -0.9978     2.78780     34.4687
   182.118     183.580     -0.9966     2.78809     34.4708
   182.827     184.295     -0.9953     2.78840     34.4731
   183.500     184.974     -0.9941     2.78860     34.4741
   184.143     185.622     -0.9934     2.78866     34.4737
   184.762     186.246     -0.9919     2.78875     34.4728
   185.363     186.852     -0.9887     2.78895     34.4715
   185.947     187.441     -0.9872     2.78921     34.4730
   186.517     188.016     -0.9862     2.78962     34.4770
   187.077     188.581     -0.9843     2.79015     34.4818
   187.628     189.137     -0.9820     2.79044     34.4827
   188.167     189.680     -0.9769     2.79045     34.4767
   188.691     190.209     -0.9730     2.79058     34.4737
   189.206     190.728     -0.9732     2.79084     34.4771
   189.709     191.235     -0.9715     2.79102     34.4772
   190.197     191.727     -0.9690     2.79119     34.4764
   190.671     192.205     -0.9670     2.79143     34.4772
   191.137     192.675     -0.9643     2.79172     34.4777
   191.595     193.137     -0.9614     2.79204     34.4785
   192.048     193.594     -0.9609     2.79229     34.4809
   192.494     194.044     -0.9596     2.79246     34.4815
   192.939     194.493     -0.9579     2.79263     34.4816
   193.386     194.943     -0.9560     2.79283     34.4819
   193.834     195.395     -0.9537     2.79307     34.4823
   194.283     195.848     -0.9505     2.79329     34.4813
   194.732     196.301     -0.9496     2.79353     34.4833
   195.181     196.754     -0.9493     2.79384     34.4869
   195.630     197.207     -0.9468     2.79405     34.4866
   196.084     197.664     -0.9444     2.79419     34.4854
   196.543     198.127     -0.9434     2.79435     34.4861
   197.006     198.594     -0.9442     2.79447     34.4884
   197.475     199.067     -0.9437     2.79459     34.4892
   197.950     199.546     -0.9419     2.79475     34.4890
   198.431     200.031     -0.9395     2.79492     34.4882
   198.916     200.521     -0.9390     2.79507     34.4895
   199.407     201.016     -0.9405     2.79519     34.4925
   199.904     201.517     -0.9380     2.79529     34.4907
   200.406     202.023     -0.9333     2.79551     34.4880
   200.907     202.529     -0.9304     2.79592     34.4899
   201.410     203.036     -0.9272     2.79646     34.4933
   201.914     203.544     -0.9247     2.79710     34.4989
   202.418     204.052     -0.9198     2.79773     34.5015
   202.919     204.558     -0.9136     2.79801     34.4979
   203.417     205.060     -0.9092     2.79813     34.4942
   203.912     205.559     -0.9018     2.79874     34.4936
   204.403     206.054     -0.8959     2.79962     34.4987
   204.886     206.542     -0.8932     2.80021     34.5032
   205.366     207.026     -0.8900     2.80056     34.5041
   205.844     207.508     -0.8858     2.80093     34.5040
   206.322     207.990     -0.8836     2.80130     34.5062
   206.799     208.471     -0.8809     2.80164     34.5074
   207.278     208.954     -0.8782     2.80201     34.5091
   207.759     209.439     -0.8748     2.80244     34.5106
   208.244     209.928     -0.8716     2.80305     34.5151
   208.732     210.421     -0.8664     2.80387     34.5199
   209.225     210.918     -0.8608     2.80438     34.5202
   209.720     211.417     -0.8541     2.80438     34.5122
   210.217     211.918     -0.8499     2.80447     34.5083
   210.715     212.421     -0.8465     2.80510     34.5126
   211.213     212.923     -0.8443     2.80592     34.5210
   211.712     213.426     -0.8401     2.80667     34.5260
   212.211     213.929     -0.8352     2.80736     34.5295
   212.708     214.431     -0.8274     2.80794     34.5281
   213.208     214.935     -0.8161     2.80833     34.5201
   213.706     215.437     -0.8082     2.80884     34.5177
   214.201     215.937     -0.8032     2.80955     34.5214
   214.698     216.438     -0.7988     2.81024     34.5253
   215.196     216.940     -0.7952     2.81075     34.5278
   215.693     217.441     -0.7920     2.81129     34.5312
   216.189     217.942     -0.7881     2.81196     34.5355
   216.691     218.448     -0.7814     2.81244     34.5341
   217.197     218.958     -0.7721     2.81304     34.5312
   217.702     219.468     -0.7618     2.81411     34.5337
   218.207     219.977     -0.7544     2.81522     34.5399
   218.714     220.488     -0.7490     2.81594     34.5431
   219.219     220.998     -0.7455     2.81640     34.5450
   219.723     221.506     -0.7402     2.81672     34.5431
   220.223     222.010     -0.7326     2.81689     34.5363
   220.718     222.510     -0.7252     2.81716     34.5313
   221.216     223.012     -0.7215     2.81776     34.5349
   221.716     223.516     -0.7178     2.81824     34.5368
   222.214     224.019     -0.7156     2.81846     34.5370
   222.709     224.518     -0.7151     2.81900     34.5433
   223.206     225.019     -0.7124     2.81999     34.5534
   223.705     225.523     -0.7070     2.82079     34.5577
   224.206     226.028     -0.7018     2.82117     34.5566
   224.708     226.534     -0.6957     2.82161     34.5552
   225.211     227.042     -0.6878     2.82228     34.5550
   225.716     227.551     -0.6819     2.82324     34.5610
   226.221     228.060     -0.6741     2.82431     34.5661
   226.727     228.571     -0.6670     2.82497     34.5667
   227.234     229.082     -0.6620     2.82560     34.5692
   227.741     229.593     -0.6562     2.82640     34.5730
   228.248     230.105     -0.6493     2.82673     34.5693
   228.756     230.617     -0.6442     2.82694     34.5660
   229.261     231.127     -0.6390     2.82778     34.5711
   229.766     231.636     -0.6307     2.82905     34.5785
   230.273     232.147     -0.6209     2.83032     34.5840
   230.780     232.659     -0.6116     2.83140     34.5876
   231.290     233.173     -0.6044     2.83189     34.5857
   231.799     233.687     -0.6015     2.83175     34.5803
   232.306     234.198     -0.6000     2.83167     34.5771
   232.813     234.709     -0.5954     2.83214     34.5780
   233.320     235.221     -0.5868     2.83305     34.5801
   233.830     235.735     -0.5770     2.83393     34.5805
   234.341     236.251     -0.5728     2.83446     34.5825
   234.853     236.767     -0.5696     2.83470     34.5818
   235.363     237.282     -0.5635     2.83501     34.5787
   235.874     237.797     -0.5564     2.83598     34.5833
   236.385     238.313     -0.5478     2.83738     34.5920
   236.896     238.828     -0.5388     2.83840     34.5953
   237.407     239.343     -0.5304     2.83896     34.5929
   237.919     239.860     -0.5247     2.83925     34.5899
   238.433     240.378     -0.5208     2.83922     34.5848
   238.944     240.894     -0.5199     2.83906     34.5812
   239.455     241.409     -0.5186     2.83927     34.5823
   239.963     241.922     -0.5123     2.84043     34.5904
   240.473     242.436     -0.5027     2.84255     34.6076
   240.980     242.948     -0.4897     2.84462     34.6203
   241.487     243.459     -0.4753     2.84548     34.6152
   241.994     243.970     -0.4670     2.84530     34.6030
   242.499     244.480     -0.4622     2.84542     34.5988
   243.003     244.988     -0.4546     2.84618     34.6001
   243.508     245.498     -0.4475     2.84742     34.6084
   244.016     246.010     -0.4325     2.84997     34.6252
   244.524     246.523     -0.4081     2.85288     34.6362
   245.033     247.036     -0.3901     2.85380     34.6277
   245.539     247.546     -0.3771     2.85338     34.6070
   246.043     248.055     -0.3596     2.85410     34.5964
   246.547     248.563     -0.3484     2.85587     34.6070
   247.048     249.069     -0.3432     2.85715     34.6179
   247.548     249.573     -0.3361     2.85845     34.6270
   248.045     250.074     -0.3234     2.86013     34.6347
   248.540     250.574     -0.3125     2.86087     34.6319
   249.036     251.074     -0.3066     2.86062     34.6215
   249.531     251.573     -0.3010     2.86056     34.6141
   250.026     252.073     -0.2939     2.86137     34.6166
   250.524     252.575     -0.2876     2.86264     34.6261
   251.021     253.077     -0.2780     2.86403     34.6334
   251.514     253.574     -0.2686     2.86541     34.6409
   252.003     254.067     -0.2598     2.86621     34.6413
   252.489     254.557     -0.2517     2.86625     34.6324
   252.973     255.046     -0.2485     2.86593     34.6242
   253.456     255.533     -0.2466     2.86587     34.6209
   253.934     256.015     -0.2420     2.86638     34.6223
   254.405     256.490     -0.2298     2.86740     34.6217
   254.872     256.961     -0.2145     2.86873     34.6218
   255.338     257.431     -0.2013     2.87033     34.6278
   255.802     257.900     -0.1913     2.87200     34.6385
   256.267     258.369     -0.1833     2.87327     34.6461
   256.736     258.842     -0.1755     2.87409     34.6478
   257.208     259.318     -0.1675     2.87480     34.6479
   257.684     259.798     -0.1607     2.87548     34.6490
   258.165     260.283     -0.1556     2.87608     34.6509
   258.651     260.774     -0.1510     2.87652     34.6513
   259.143     261.270     -0.1453     2.87677     34.6479
   259.638     261.769     -0.1370     2.87738     34.6462
   260.133     262.269     -0.1246     2.87854     34.6473
   260.629     262.769     -0.1176     2.87986     34.6567
   261.128     263.272     -0.1120     2.88146     34.6713
   261.629     263.778     -0.0969     2.88304     34.6749
   262.132     264.285     -0.0843     2.88379     34.6703
   262.633     264.791     -0.0814     2.88372     34.6658
   263.134     265.296     -0.0782     2.88347     34.6585
   263.634     265.801     -0.0753     2.88349     34.6552
   264.133     266.304     -0.0726     2.88372     34.6548
   264.630     266.805     -0.0719     2.88409     34.6587
   265.126     267.306     -0.0690     2.88481     34.6647
   265.626     267.810     -0.0597     2.88581     34.6671
   266.126     268.315     -0.0495     2.88677     34.6680
   266.629     268.822     -0.0413     2.88737     34.6663
   267.131     269.329     -0.0301     2.88780     34.6590
   267.638     269.840     -0.0187     2.88881     34.6592
   268.146     270.353     -0.0088     2.89055     34.6708
   268.651     270.862      0.0029     2.89275     34.6864
   269.152     271.367      0.0167     2.89511     34.7017
   269.650     271.870      0.0392     2.89729     34.7048
   270.151     272.375      0.0591     2.89854     34.6987
   270.650     272.879      0.0676     2.89847     34.6877
   271.151     273.384      0.0802     2.89867     34.6759
   271.650     273.888      0.0950     2.90019     34.6790
   272.149     274.391      0.1081     2.90215     34.6898
   272.645     274.891      0.1206     2.90472     34.7092
   273.141     275.392      0.1436     2.90802     34.7266
   273.639     275.894      0.1722     2.91073     34.7297
   274.133     276.393      0.1959     2.91204     34.7199
   274.625     276.889      0.2095     2.91197     34.7033
   275.114     277.382      0.2281     2.91248     34.6888
   275.604     277.877      0.2462     2.91470     34.6974
   276.097     278.374      0.2571     2.91703     34.7153
   276.590     278.871      0.2689     2.91934     34.7322
   277.082     279.368      0.2846     2.92178     34.7463
   277.574     279.864      0.3024     2.92329     34.7457
   278.063     280.358      0.3176     2.92363     34.7328
   278.552     280.851      0.3335     2.92367     34.7151
   279.040     281.343      0.3463     2.92439     34.7098
   279.523     281.831      0.3492     2.92523     34.7174
   280.003     282.315      0.3492     2.92556     34.7214
   280.479     282.795      0.3495     2.92571     34.7228
   280.953     283.273      0.3499     2.92586     34.7239
   281.425     283.750      0.3503     2.92596     34.7245
   281.902     284.231      0.3495     2.92601     34.7258
   282.382     284.715      0.3500     2.92628     34.7285
   282.866     285.203      0.3543     2.92682     34.7304
   283.354     285.696      0.3575     2.92730     34.7328
   283.846     286.192      0.3608     2.92774     34.7346
   284.342     286.693      0.3666     2.92857     34.7387
   284.843     287.198      0.3743     2.92988     34.7469
   285.347     287.707      0.3822     2.93130     34.7563
   285.854     288.218      0.3943     2.93266     34.7601
   286.360     288.729      0.4096     2.93383     34.7580
   286.867     289.240      0.4169     2.93450     34.7582
   287.375     289.753      0.4215     2.93477     34.7563
   287.883     290.265      0.4285     2.93503     34.7515
   288.391     290.778      0.4354     2.93573     34.7526
   288.902     291.293      0.4445     2.93695     34.7581
   289.412     291.808      0.4549     2.93786     34.7580
   289.921     292.321      0.4568     2.93802     34.7576
   290.427     292.832      0.4580     2.93794     34.7550
   290.931     293.341      0.4592     2.93784     34.7519
   291.434     293.848      0.4594     2.93764     34.7488
   291.934     294.353      0.4592     2.93755     34.7476
   292.431     294.854      0.4604     2.93772     34.7482
   292.928     295.355      0.4621     2.93798     34.7493
   293.425     295.857      0.4625     2.93817     34.7510
   293.924     296.360      0.4625     2.93823     34.7515
   294.424     296.865      0.4647     2.93815     34.7477
   294.928     297.373      0.4647     2.93803     34.7458
   295.436     297.886      0.4657     2.93802     34.7443
   295.946     298.401      0.4671     2.93809     34.7433
   296.459     298.918      0.4666     2.93820     34.7450
   296.971     299.435      0.4664     2.93834     34.7468
   297.484     299.952      0.4671     2.93845     34.7471
   297.994     300.467      0.4676     2.93849     34.7467
   298.501     300.978      0.4678     2.93847     34.7459
   299.005     301.487      0.4690     2.93867     34.7470
   299.510     301.997      0.4719     2.93958     34.7552
   300.016     302.507      0.4771     2.94154     34.7747
   300.520     303.016      0.4981     2.94442     34.7884
   301.024     303.524      0.5286     2.94745     34.7934
   301.530     304.035      0.5466     2.94945     34.7991
   302.039     304.548      0.5541     2.94968     34.7933
   302.549     305.063      0.5639     2.94914     34.7750
   303.059     305.578      0.5692     2.94918     34.7692
   303.569     306.092      0.5723     2.94976     34.7729
   304.075     306.603      0.5729     2.95025     34.7784
   304.580     307.112      0.5765     2.95041     34.7761
   305.085     307.622      0.5782     2.95029     34.7723
   305.593     308.134      0.5765     2.94999     34.7701
   306.099     308.645      0.5741     2.94965     34.7680
   306.604     309.155      0.5708     2.94931     34.7670
   307.106     309.661      0.5679     2.94906     34.7667
   307.604     310.164      0.5679     2.94904     34.7661
   308.102     310.666      0.5674     2.94912     34.7675
   308.599     311.168      0.5667     2.94911     34.7678
   309.094     311.667      0.5667     2.94904     34.7665
   309.584     312.162      0.5662     2.94899     34.7662
   310.075     312.657      0.5660     2.94902     34.7664
   310.564     313.150      0.5662     2.94905     34.7663
   311.049     313.640      0.5660     2.94904     34.7662
   311.535     314.130      0.5662     2.94904     34.7657
   312.021     314.621      0.5655     2.94907     34.7666
   312.509     315.113      0.5659     2.94914     34.7668
   312.999     315.607      0.5661     2.94918     34.7667
   313.486     316.099      0.5654     2.94917     34.7672
   313.973     316.590      0.5654     2.94917     34.7668
   314.460     317.082      0.5654     2.94921     34.7670
   314.952     317.578      0.5654     2.94928     34.7677
   315.444     318.075      0.5654     2.94932     34.7679
   315.937     318.572      0.5659     2.94936     34.7676
   316.431     319.071      0.5661     2.94943     34.7679
   316.929     319.573      0.5659     2.94943     34.7678
   317.426     320.075      0.5661     2.94936     34.7664
   317.924     320.577      0.5664     2.94935     34.7657
   318.421     321.079      0.5678     2.94942     34.7648
   318.918     321.580      0.5678     2.94946     34.7649
   319.411     322.078      0.5673     2.94946     34.7652
   319.906     322.577      0.5671     2.94946     34.7651
   320.399     323.075      0.5673     2.94945     34.7645
   320.890     323.570      0.5665     2.94946     34.7652
   321.378     324.063      0.5665     2.94949     34.7654
   321.865     324.554      0.5665     2.94957     34.7660
   322.352     325.045      0.5660     2.94960     34.7668
   322.842     325.540      0.5658     2.94961     34.7668
   323.338     326.040      0.5660     2.94964     34.7667
   323.834     326.541      0.5663     2.94968     34.7665
   324.329     327.040      0.5677     2.94965     34.7643
   324.825     327.541      0.5667     2.94965     34.7651
   325.321     328.042      0.5653     2.94972     34.7672
   325.817     328.542      0.5653     2.94976     34.7675
   326.310     329.040      0.5658     2.94980     34.7672
   326.804     329.538      0.5670     2.94988     34.7666
   327.298     330.037      0.5677     2.94988     34.7655
   327.790     330.533      0.5677     2.94981     34.7643
   328.279     331.027      0.5677     2.94981     34.7640
   328.768     331.520      0.5677     2.94988     34.7646
   329.257     332.013      0.5676     2.94992     34.7649
   329.748     332.509      0.5681     2.94992     34.7641
   330.242     333.007      0.5683     2.94992     34.7636
   330.734     333.504      0.5676     2.94992     34.7640
   331.226     334.000      0.5676     2.94992     34.7637
   331.718     334.497      0.5676     2.94994     34.7638
   332.212     334.995      0.5695     2.95019     34.7646
   332.704     335.492      0.5748     2.95104     34.7694
   333.194     335.986      0.5861     2.95302     34.7823
   333.683     336.480      0.6072     2.95634     34.8015
   334.172     336.973      0.6322     2.96001     34.8210
   334.659     337.465      0.6562     2.96250     34.8261
   335.147     337.957      0.6713     2.96304     34.8159
   335.635     338.450      0.6770     2.96262     34.8037
   336.128     338.947      0.6825     2.96262     34.7973
   336.622     339.446      0.6875     2.96311     34.7977
   337.119     339.947      0.6894     2.96361     34.8019
   337.614     340.447      0.6947     2.96398     34.8004
   338.110     340.948      0.6988     2.96410     34.7972
   338.606     341.448      0.7000     2.96407     34.7951
   339.098     341.945      0.7007     2.96405     34.7938
   339.592     342.443      0.7036     2.96437     34.7944
   340.084     342.940      0.7130     2.96572     34.8010
   340.574     343.434      0.7257     2.96787     34.8145
   341.062     343.927      0.7385     2.96957     34.8218
   341.554     344.423      0.7500     2.97065     34.8228
   342.047     344.921      0.7606     2.97141     34.8204
   342.541     345.419      0.7677     2.97147     34.8130
   343.033     345.916      0.7658     2.97090     34.8074
   343.528     346.415      0.7620     2.97030     34.8035
   344.023     346.915      0.7606     2.97005     34.8016
   344.517     347.414      0.7592     2.96993     34.8013
   345.011     347.912      0.7560     2.96972     34.8018
   345.505     348.411      0.7546     2.96954     34.8008
   346.002     348.912      0.7536     2.96944     34.8004
   346.501     349.416      0.7512     2.96935     34.8016
   347.002     349.921      0.7498     2.96934     34.8027
   347.503     350.427      0.7498     2.96940     34.8032
   348.004     350.933      0.7493     2.96938     34.8032
   348.506     351.439      0.7481     2.96922     34.8022
   349.004     351.942      0.7469     2.96907     34.8013
   349.500     352.442      0.7462     2.96913     34.8025
   349.995     352.942      0.7462     2.96923     34.8035
   350.490     353.442      0.7467     2.96920     34.8023
   350.982     353.938      0.7474     2.96920     34.8012
   351.470     354.431      0.7474     2.96926     34.8017
   351.958     354.923      0.7469     2.96921     34.8013
   352.444     355.414      0.7452     2.96901     34.8003
   352.932     355.906      0.7428     2.96884     34.8006
   353.419     356.398      0.7414     2.96875     34.8007
   353.906     356.889      0.7414     2.96875     34.8003
   354.389     357.377      0.7414     2.96881     34.8009
   354.871     357.863      0.7414     2.96881     34.8006
   355.351     358.348      0.7409     2.96878     34.8004
   355.833     358.834      0.7407     2.96881     34.8008
   356.315     359.321      0.7404     2.96880     34.8007
   356.803     359.813      0.7400     2.96873     34.8000
   357.297     360.312      0.7409     2.96873     34.7986
   357.794     360.813      0.7392     2.96875     34.8006
   358.289     361.313      0.7383     2.96871     34.8008
   358.787     361.815      0.7390     2.96867     34.7992
   359.286     362.319      0.7390     2.96863     34.7983
   359.785     362.823      0.7385     2.96859     34.7980
   360.282     363.324      0.7368     2.96853     34.7989
   360.776     363.823      0.7349     2.96842     34.7992
   361.270     364.322      0.7337     2.96834     34.7993
   361.764     364.820      0.7325     2.96837     34.8007
   362.256     365.317      0.7323     2.96844     34.8015
   362.751     365.816      0.7330     2.96844     34.8005
   363.245     366.315      0.7330     2.96837     34.7993
   363.739     366.813      0.7325     2.96833     34.7990
   364.230     367.309      0.7328     2.96837     34.7989
   364.721     367.805      0.7332     2.96845     34.7992
   365.212     368.300      0.7318     2.96848     34.8009
   365.700     368.793      0.7328     2.96849     34.7996
   366.185     369.282      0.7332     2.96849     34.7989
   366.667     369.769      0.7318     2.96853     34.8006
   367.149     370.255      0.7314     2.96860     34.8017
   367.630     370.741      0.7316     2.96860     34.8013
   368.113     371.228      0.7335     2.96858     34.7985
   368.597     371.717      0.7338     2.96861     34.7984
   369.083     372.207      0.7326     2.96865     34.7999
   369.570     372.699      0.7328     2.96872     34.8002
   370.059     373.192      0.7352     2.96902     34.8012
   370.549     373.687      0.7433     2.97074     34.8142
   371.040     374.183      0.7668     2.97406     34.8306
   371.535     374.682      0.7946     2.97678     34.8345
   372.029     375.181      0.8109     2.97874     34.8413
   372.521     375.677      0.8271     2.98029     34.8429
   373.009     376.170      0.8541     2.98104     34.8221
   373.499     376.665      0.8804     2.98271     34.8141
   373.991     377.161      0.9026     2.98620     34.8340
   374.480     377.655      0.9311     2.98960     34.8457
   374.968     378.147      0.9475     2.99108     34.8463
   375.455     378.639      0.9518     2.99130     34.8440
   375.942     379.130      0.9523     2.99121     34.8420
   376.426     379.619      0.9540     2.99102     34.8374
   376.910     380.107      0.9559     2.99101     34.8348
   377.392     380.594      0.9561     2.99121     34.8370
   377.873     381.079      0.9564     2.99143     34.8391
   378.351     381.562      0.9583     2.99154     34.8382
   378.830     382.045      0.9580     2.99156     34.8385
   379.308     382.528      0.9566     2.99147     34.8386
   379.789     383.013      0.9571     2.99135     34.8361
   380.270     383.499      0.9583     2.99133     34.8343
   380.755     383.988      0.9585     2.99143     34.8351
   381.236     384.474      0.9578     2.99154     34.8369
   381.716     384.958      0.9578     2.99160     34.8375
   382.196     385.443      0.9583     2.99163     34.8371
   382.678     385.930      0.9590     2.99158     34.8354
   383.165     386.421      0.9580     2.99149     34.8350
   383.650     386.911      0.9566     2.99140     34.8351
   384.136     387.401      0.9556     2.99130     34.8347
   384.620     387.890      0.9542     2.99121     34.8348
   385.105     388.379      0.9537     2.99116     34.8344
   385.588     388.867      0.9535     2.99111     34.8337
   386.072     389.355      0.9537     2.99103     34.8321
   386.554     389.842      0.9525     2.99102     34.8331
   387.032     390.324      0.9518     2.99108     34.8344
   387.504     390.801      0.9518     2.99112     34.8346
   387.975     391.276      0.9513     2.99111     34.8347
   388.446     391.752      0.9502     2.99106     34.8351
   388.923     392.233      0.9509     2.99098     34.8330
   389.402     392.717      0.9521     2.99094     34.8308
   389.884     393.203      0.9502     2.99093     34.8325
   390.368     393.692      0.9495     2.99092     34.8329
   390.853     394.181      0.9490     2.99092     34.8331
   391.332     394.665      0.9493     2.99092     34.8325
   391.809     395.146      0.9507     2.99096     34.8312
   392.283     395.625      0.9507     2.99103     34.8319
   392.757     396.103      0.9502     2.99107     34.8327
   393.230     396.581      0.9490     2.99111     34.8342
   393.705     397.060      0.9497     2.99119     34.8342
   394.181     397.541      0.9514     2.99126     34.8329
   394.659     398.023      0.9512     2.99154     34.8365
   395.139     398.508      0.9533     2.99206     34.8405
   395.622     398.995      0.9573     2.99263     34.8431
   396.105     399.483      0.9636     2.99347     34.8466
   396.590     399.973      0.9719     2.99465     34.8522
   397.079     400.466      0.9841     2.99621     34.8585
   397.570     400.962      1.0010     2.99793     34.8615
   398.061     401.458      1.0136     2.99905     34.8615
   398.554     401.955      1.0191     2.99935     34.8590
   399.044     402.450      1.0203     2.99930     34.8567
   399.535     402.945      1.0215     2.99925     34.8545
   400.025     403.440      1.0232     2.99925     34.8523
   400.515     403.935      1.0246     2.99933     34.8514
   401.006     404.430      1.0260     2.99947     34.8514
   401.496     404.925      1.0277     2.99955     34.8503
   401.982     405.416      1.0265     2.99959     34.8517
   402.465     405.903      1.0263     2.99961     34.8520
   402.944     406.387      1.0260     2.99958     34.8516
   403.424     406.871      1.0256     2.99957     34.8517
   403.904     407.356      1.0270     2.99964     34.8507
   404.383     407.839      1.0270     2.99967     34.8509
   404.860     408.321      1.0275     2.99967     34.8501
   405.338     408.804      1.0277     2.99967     34.8495
   405.818     409.288      1.0280     2.99966     34.8488
   406.297     409.772      1.0289     2.99966     34.8475
   406.777     410.256      1.0273     2.99970     34.8495
   407.257     410.741      1.0269     2.99977     34.8505
   407.740     411.228      1.0278     2.99980     34.8497
   408.223     411.716      1.0271     2.99980     34.8502
   408.707     412.205      1.0271     2.99980     34.8498
   409.193     412.695      1.0271     2.99979     34.8495
   409.679     413.186      1.0271     2.99975     34.8487
   410.164     413.675      1.0266     2.99971     34.8484
   410.645     414.161      1.0264     2.99974     34.8488
   411.125     414.646      1.0271     2.99978     34.8482
   411.604     415.129      1.0266     2.99984     34.8493
   412.083     415.613      1.0283     3.00013     34.8507
   412.562     416.096      1.0333     3.00060     34.8510
   413.037     416.576      1.0350     3.00097     34.8536
   413.514     417.057      1.0357     3.00122     34.8558
   413.993     417.541      1.0392     3.00144     34.8544
   414.475     418.027      1.0414     3.00166     34.8545
   414.957     418.514      1.0428     3.00203     34.8574
   415.442     419.004      1.0484     3.00253     34.8573
   415.929     419.495      1.0567     3.00316     34.8559
   416.413     419.984      1.0622     3.00384     34.8581
   416.896     420.472      1.0634     3.00424     34.8617
   417.378     420.958      1.0646     3.00435     34.8614
   417.859     421.444      1.0677     3.00442     34.8587
   418.342     421.931      1.0731     3.00476     34.8568
   418.825     422.419      1.0770     3.00540     34.8603
   419.304     422.903      1.0812     3.00606     34.8638
   419.780     423.383      1.0879     3.00677     34.8652
   420.254     423.862      1.0929     3.00747     34.8684
   420.730     424.342      1.0961     3.00781     34.8688
   421.208     424.825      1.0989     3.00785     34.8660
   421.689     425.310      1.1020     3.00798     34.8639
   422.172     425.798      1.1039     3.00821     34.8645
   422.655     426.286      1.1051     3.00845     34.8659
   423.142     426.777      1.1063     3.00864     34.8667
   423.629     427.269      1.1070     3.00872     34.8667
   424.115     427.760      1.1065     3.00872     34.8670
   424.599     428.248      1.1063     3.00872     34.8669
   425.082     428.736      1.1075     3.00876     34.8658
   425.562     429.221      1.1087     3.00888     34.8657
   426.041     429.704      1.1099     3.00903     34.8661
   426.519     430.187      1.1111     3.00919     34.8665
   427.000     430.672      1.1123     3.00931     34.8664
   427.483     431.160      1.1125     3.00935     34.8664
   427.964     431.646      1.1123     3.00935     34.8663
   428.445     432.131      1.1125     3.00935     34.8658
   428.925     432.616      1.1123     3.00938     34.8662
   429.408     433.103      1.1130     3.00946     34.8661
   429.888     433.588      1.1135     3.00954     34.8663
   430.369     434.074      1.1142     3.00962     34.8662
   430.853     434.562      1.1147     3.00966     34.8660
   431.336     435.050      1.1159     3.00971     34.8650
   431.814     435.533      1.1171     3.00991     34.8660
   432.287     436.010      1.1188     3.01022     34.8678
   432.752     436.480      1.1202     3.01042     34.8685
   433.215     436.947      1.1202     3.01047     34.8689
   433.677     437.414      1.1202     3.01048     34.8687
   434.144     437.885      1.1207     3.01056     34.8689
   434.617     438.363      1.1224     3.01075     34.8692
   435.096     438.846      1.1233     3.01086     34.8694
   435.575     439.330      1.1226     3.01083     34.8695
   436.056     439.815      1.1231     3.01079     34.8681
   436.538     440.302      1.1233     3.01079     34.8675
   437.021     440.790      1.1226     3.01078     34.8680
   437.510     441.283      1.1221     3.01078     34.8682
   438.001     441.779      1.1219     3.01082     34.8687
   438.493     442.276      1.1226     3.01094     34.8691
   438.982     442.770      1.1226     3.01106     34.8703
   439.470     443.262      1.1231     3.01114     34.8705
   439.956     443.753      1.1233     3.01118     34.8705
   440.442     444.244      1.1231     3.01119     34.8706
   440.930     444.737      1.1243     3.01127     34.8700
   441.422     445.233      1.1245     3.01142     34.8715
   441.915     445.731      1.1243     3.01154     34.8729
   442.408     446.229      1.1250     3.01163     34.8730
   442.896     446.722      1.1250     3.01175     34.8743
   443.384     447.214      1.1260     3.01187     34.8744
   443.874     447.709      1.1274     3.01191     34.8731
   444.367     448.207      1.1264     3.01192     34.8740
   444.859     448.704      1.1250     3.01195     34.8757
   445.350     449.199      1.1250     3.01202     34.8764
   445.838     449.692      1.1255     3.01207     34.8761
   446.321     450.180      1.1258     3.01211     34.8760
   446.801     450.664      1.1251     3.01214     34.8769
   447.281     451.149      1.1256     3.01211     34.8757
   447.767     451.640      1.1263     3.01212     34.8747
   448.259     452.136      1.1263     3.01219     34.8753
   448.752     452.634      1.1258     3.01222     34.8760
   449.246     453.133      1.1251     3.01223     34.8766
   449.737     453.629      1.1256     3.01227     34.8763
   450.226     454.123      1.1258     3.01234     34.8767
   450.714     454.615      1.1251     3.01238     34.8776
   451.202     455.108      1.1241     3.01234     34.8780
   451.692     455.603      1.1227     3.01230     34.8788
   452.183     456.099      1.1227     3.01234     34.8789
   452.673     456.593      1.1237     3.01238     34.8780
   453.161     457.086      1.1241     3.01238     34.8773
   453.649     457.579      1.1232     3.01238     34.8780
   454.137     458.072      1.1234     3.01238     34.8775
   454.630     458.569      1.1232     3.01238     34.8775
   455.123     459.067      1.1235     3.01242     34.8774
   455.616     459.565      1.1223     3.01249     34.8793
   456.107     460.061      1.1216     3.01249     34.8798
   456.595     460.553      1.1216     3.01241     34.8786
   457.081     461.044      1.1216     3.01238     34.8778
   457.567     461.535      1.1216     3.01237     34.8774
   458.053     462.026      1.1211     3.01237     34.8777
   458.543     462.520      1.1204     3.01237     34.8782
   459.034     463.016      1.1204     3.01241     34.8784
   459.525     463.512      1.1204     3.01248     34.8791
   460.014     464.006      1.1204     3.01253     34.8793
   460.501     464.498      1.1199     3.01253     34.8796
   460.987     464.988      1.1192     3.01248     34.8796
   461.471     465.477      1.1182     3.01241     34.8794
   461.955     465.966      1.1163     3.01236     34.8807
   462.441     466.456      1.1161     3.01236     34.8805
   462.929     466.949      1.1168     3.01236     34.8795
   463.419     467.444      1.1158     3.01231     34.8797
   463.908     467.938      1.1139     3.01223     34.8805
   464.396     468.431      1.1127     3.01215     34.8805
   464.885     468.924      1.1120     3.01206     34.8799
   465.375     469.419      1.1106     3.01198     34.8801
   465.866     469.915      1.1084     3.01189     34.8812
   466.356     470.410      1.1074     3.01185     34.8814
   466.845     470.903      1.1050     3.01180     34.8832
   467.333     471.396      1.1036     3.01172     34.8835
   467.820     471.888      1.1036     3.01164     34.8822
   468.303     472.376      1.1036     3.01157     34.8809
   468.782     472.859      1.1026     3.01152     34.8812
   469.259     473.341      1.1008     3.01152     34.8828
   469.736     473.823      1.0996     3.01151     34.8838
   470.216     474.307      1.0984     3.01147     34.8843
   470.699     474.795      1.0967     3.01139     34.8849
   471.183     475.284      1.0953     3.01135     34.8856
   471.666     475.772      1.0948     3.01130     34.8853
   472.147     476.257      1.0946     3.01123     34.8844
   472.629     476.744      1.0953     3.01119     34.8828
   473.115     477.235      1.0943     3.01119     34.8836
   473.604     477.729      1.0929     3.01119     34.8849
   474.094     478.224      1.0924     3.01123     34.8857
   474.583     478.717      1.0922     3.01126     34.8860
   475.068     479.207      1.0929     3.01123     34.8845
   475.552     479.696      1.0924     3.01115     34.8838
   476.033     480.182      1.0917     3.01107     34.8833
   476.513     480.666      1.0907     3.01103     34.8836
   476.991     481.149      1.0883     3.01102     34.8858
   477.472     481.635      1.0864     3.01097     34.8870
   477.955     482.122      1.0843     3.01081     34.8870
   478.436     482.608      1.0816     3.01061     34.8872
   478.912     483.089      1.0814     3.01048     34.8855
   479.385     483.567      1.0816     3.01040     34.8840
   479.858     484.044      1.0795     3.01031     34.8849
   480.332     484.523      1.0768     3.01019     34.8860
   480.806     485.002      1.0752     3.01006     34.8860
   481.284     485.484      1.0728     3.00997     34.8871
   481.765     485.970      1.0714     3.00981     34.8863
   482.251     486.461      1.0700     3.00960     34.8850
   482.737     486.952      1.0668     3.00938     34.8854
   483.224     487.443      1.0644     3.00907     34.8838
   483.707     487.931      1.0620     3.00879     34.8826
   484.190     488.419      1.0587     3.00864     34.8841
   484.678     488.912      1.0540     3.00850     34.8873
   485.170     489.409      1.0501     3.00828     34.8885
   485.663     489.906      1.0473     3.00791     34.8865
   486.154     490.402      1.0423     3.00735     34.8847
   486.641     490.894      1.0361     3.00686     34.8850
   487.123     491.381      1.0327     3.00660     34.8851
   487.603     491.866      1.0320     3.00639     34.8829
   488.086     492.353      1.0301     3.00619     34.8822
   488.570     492.842      1.0244     3.00600     34.8859
   489.058     493.335      1.0191     3.00574     34.8882
   489.549     493.831      1.0163     3.00539     34.8864
   490.043     494.330      1.0136     3.00507     34.8850
   490.541     494.833      1.0119     3.00486     34.8840
   491.044     495.341      1.0100     3.00469     34.8836
   491.551     495.853      1.0083     3.00453     34.8832
   492.066     496.373      1.0064     3.00441     34.8834
   492.592     496.904      1.0038     3.00432     34.8848
   493.126     497.443      1.0005     3.00414     34.8860
   493.657     497.979      0.9979     3.00385     34.8848
   494.179     498.507      0.9926     3.00339     34.8845
   494.692     499.025      0.9881     3.00280     34.8816
   495.194     499.532      0.9843     3.00236     34.8799
   495.686     500.029      0.9807     3.00222     34.8818
   496.173     500.520      0.9793     3.00221     34.8830
   496.657     501.009      0.9771     3.00221     34.8851
   497.144     501.501      0.9771     3.00217     34.8844
   497.633     501.995      0.9761     3.00210     34.8842
   498.121     502.488      0.9747     3.00202     34.8845
   498.607     502.979      0.9742     3.00190     34.8832
   499.094     503.470      0.9725     3.00178     34.8833
   499.579     503.960      0.9706     3.00165     34.8835
   500.061     504.447      0.9689     3.00146     34.8826
   500.543     504.934      0.9665     3.00129     34.8828
   501.024     505.420      0.9627     3.00106     34.8838
   501.508     505.908      0.9568     3.00062     34.8844
   501.992     506.397      0.9522     3.00018     34.8837
   502.472     506.882      0.9503     2.99993     34.8823
   502.948     507.363      0.9482     2.99980     34.8826
   503.424     507.844      0.9460     2.99971     34.8837
   503.901     508.325      0.9450     2.99959     34.8830
   504.381     508.810      0.9417     2.99946     34.8847
   504.863     509.297      0.9383     2.99928     34.8859
   505.348     509.787      0.9352     2.99891     34.8844
   505.833     510.276      0.9293     2.99838     34.8838
   506.314     510.762      0.9238     2.99782     34.8824
   506.789     511.242      0.9199     2.99737     34.8807
   507.263     511.721      0.9171     2.99711     34.8802
   507.739     512.202      0.9130     2.99693     34.8822
   508.222     512.689      0.9088     2.99672     34.8838
   508.708     513.180      0.9037     2.99639     34.8850
   509.196     513.673      0.8989     2.99599     34.8849
   509.682     514.164      0.8968     2.99566     34.8828
   510.165     514.652      0.8936     2.99546     34.8834
   510.643     515.134      0.8927     2.99534     34.8826
   511.118     515.614      0.8924     2.99530     34.8821
   511.594     516.095      0.8905     2.99525     34.8834
   512.070     516.576      0.8893     2.99518     34.8836
   512.549     517.060      0.8886     2.99514     34.8836
   513.029     517.544      0.8872     2.99510     34.8843
   513.508     518.028      0.8850     2.99503     34.8855
   513.987     518.512      0.8850     2.99495     34.8843
   514.466     518.996      0.8845     2.99488     34.8836
   514.943     519.477      0.8832     2.99483     34.8842
   515.419     519.958      0.8816     2.99474     34.8845
   515.899     520.443      0.8801     2.99450     34.8828
   516.382     520.931      0.8777     2.99418     34.8811
   516.863     521.417      0.8736     2.99389     34.8817
   517.343     521.902      0.8693     2.99363     34.8828
   517.822     522.385      0.8662     2.99335     34.8823
   518.301     522.869      0.8643     2.99307     34.8806
   518.780     523.353      0.8636     2.99291     34.8790
   519.261     523.839      0.8622     2.99282     34.8792
   519.744     524.327      0.8586     2.99273     34.8818
   520.229     524.816      0.8554     2.99264     34.8839
   520.713     525.305      0.8545     2.99253     34.8831
   521.194     525.791      0.8543     2.99238     34.8811
   521.673     526.275      0.8524     2.99226     34.8814
   522.150     526.757      0.8507     2.99221     34.8825
   522.624     527.235      0.8493     2.99220     34.8836
   523.096     527.712      0.8493     2.99212     34.8823
   523.571     528.192      0.8479     2.99193     34.8811
   524.052     528.678      0.8453     2.99177     34.8817
   524.538     529.169      0.8451     2.99173     34.8811
   525.026     529.662      0.8448     2.99173     34.8812
   525.513     530.154      0.8439     2.99172     34.8818
   525.997     530.642      0.8432     2.99164     34.8812
   526.478     531.128      0.8405     2.99140     34.8809
   526.959     531.614      0.8379     2.99116     34.8804
   527.440     532.100      0.8341     2.99098     34.8821
   527.922     532.587      0.8317     2.99078     34.8818
   528.407     533.077      0.8293     2.99057     34.8815
   528.895     533.570      0.8250     2.99031     34.8827
   529.383     534.062      0.8207     2.98995     34.8826
   529.868     534.552      0.8202     2.98968     34.8793
   530.350     535.039      0.8186     2.98954     34.8791
   530.830     535.524      0.8162     2.98946     34.8804
   531.313     536.012      0.8129     2.98937     34.8826
   531.798     536.502      0.8095     2.98928     34.8850
   532.284     536.993      0.8078     2.98915     34.8850
   532.771     537.485      0.8069     2.98892     34.8827
   533.259     537.978      0.8067     2.98869     34.8797
   533.747     538.470      0.8043     2.98860     34.8809
   534.231     538.959      0.8024     2.98854     34.8819
   534.714     539.447      0.7993     2.98832     34.8823
   535.197     539.935      0.7928     2.98788     34.8836
   535.682     540.425      0.7880     2.98745     34.8831
   536.166     540.914      0.7864     2.98722     34.8817
   536.650     541.403      0.7845     2.98705     34.8813
   537.134     541.892      0.7833     2.98682     34.8793
   537.618     542.381      0.7816     2.98661     34.8783
   538.101     542.868      0.7797     2.98645     34.8781
   538.583     543.355      0.7771     2.98637     34.8796
   539.066     543.843      0.7737     2.98634     34.8828
   539.551     544.333      0.7711     2.98617     34.8833
   540.036     544.823      0.7673     2.98582     34.8827
   540.522     545.314      0.7645     2.98551     34.8814
   541.009     545.806      0.7623     2.98533     34.8814
   541.496     546.298      0.7609     2.98524     34.8814
   541.981     546.788      0.7582     2.98507     34.8820
   542.464     547.276      0.7570     2.98484     34.8801
   542.946     547.763      0.7554     2.98468     34.8795
   543.432     548.253      0.7535     2.98459     34.8802
   543.920     548.746      0.7528     2.98448     34.8792
   544.407     549.238      0.7514     2.98436     34.8790
   544.893     549.729      0.7482     2.98426     34.8810
   545.379     550.220      0.7458     2.98414     34.8818
   545.865     550.711      0.7430     2.98393     34.8819
   546.349     551.200      0.7399     2.98365     34.8815
   546.833     551.689      0.7371     2.98337     34.8808
   547.318     552.179      0.7354     2.98321     34.8803
   547.805     552.671      0.7347     2.98316     34.8802
   548.293     553.164      0.7330     2.98316     34.8817
   548.780     553.656      0.7327     2.98316     34.8818
   549.264     554.145      0.7318     2.98312     34.8820
   549.749     554.635      0.7320     2.98305     34.8806
   550.237     555.128      0.7303     2.98301     34.8817
   550.725     555.621      0.7294     2.98297     34.8819
   551.211     556.112      0.7292     2.98290     34.8809
   551.698     556.603      0.7283     2.98286     34.8811
   552.185     557.095      0.7276     2.98285     34.8815
   552.674     557.589      0.7249     2.98276     34.8830
   553.162     558.082      0.7232     2.98252     34.8816
   553.652     558.577      0.7213     2.98224     34.8799
   554.142     559.072      0.7196     2.98204     34.8788
   554.631     559.566      0.7172     2.98191     34.8796
   555.118     560.058      0.7158     2.98186     34.8802
   555.603     560.548      0.7149     2.98178     34.8798
   556.088     561.038      0.7130     2.98163     34.8797
   556.575     561.530      0.7113     2.98154     34.8802
   557.062     562.022      0.7099     2.98149     34.8808
   557.547     562.512      0.7089     2.98133     34.8796
   558.030     563.000      0.7056     2.98109     34.8799
   558.512     563.487      0.7022     2.98088     34.8807
   558.997     563.977      0.7015     2.98076     34.8796
   559.485     564.470      0.7015     2.98067     34.8783
   559.974     564.964      0.7011     2.98060     34.8774
   560.466     565.461      0.6990     2.98051     34.8783
   560.962     565.962      0.6958     2.98038     34.8800
   561.457     566.462      0.6939     2.98022     34.8798
   561.950     566.960      0.6922     2.98011     34.8799
   562.442     567.457      0.6913     2.98006     34.8800
   562.932     567.952      0.6925     2.98006     34.8784
   563.421     568.446      0.6918     2.98005     34.8788
   563.908     568.938      0.6886     2.97992     34.8803
   564.395     569.430      0.6844     2.97960     34.8806
   564.881     569.921      0.6787     2.97923     34.8819
   565.364     570.409      0.6765     2.97895     34.8804
   565.846     570.896      0.6746     2.97878     34.8801
   566.328     571.383      0.6722     2.97869     34.8813
   566.811     571.871      0.6724     2.97861     34.8798
   567.294     572.359      0.6712     2.97853     34.8798
   567.776     572.846      0.6710     2.97845     34.8788
   568.258     573.333      0.6703     2.97841     34.8787
   568.741     573.821      0.6667     2.97836     34.8818
   569.226     574.311      0.6656     2.97824     34.8813
   569.712     574.802      0.6656     2.97813     34.8795
   570.197     575.292      0.6634     2.97804     34.8806
   570.679     575.779      0.6629     2.97797     34.8799
   571.163     576.267      0.6627     2.97793     34.8793
   571.649     576.758      0.6624     2.97789     34.8788
   572.138     577.252      0.6605     2.97780     34.8795
   572.627     577.747      0.6588     2.97768     34.8795
   573.116     578.241      0.6568     2.97752     34.8794
   573.606     578.736      0.6552     2.97739     34.8793
   574.097     579.232      0.6536     2.97727     34.8791
   574.586     579.726      0.6516     2.97710     34.8790
   575.072     580.217      0.6498     2.97694     34.8786
   575.557     580.707      0.6486     2.97682     34.8782
   576.041     581.196      0.6474     2.97677     34.8786
   576.526     581.686      0.6462     2.97673     34.8790
   577.011     582.176      0.6441     2.97661     34.8795
   577.495     582.665      0.6409     2.97644     34.8807
   577.979     583.154      0.6390     2.97627     34.8803
   578.465     583.645      0.6373     2.97606     34.8792
   578.953     584.138      0.6330     2.97573     34.8794
   579.443     584.633      0.6277     2.97537     34.8804
   579.932     585.127      0.6253     2.97512     34.8795
   580.421     585.621      0.6225     2.97494     34.8802
   580.909     586.114      0.6203     2.97482     34.8808
   581.396     586.606      0.6203     2.97478     34.8800
   581.883     587.098      0.6203     2.97478     34.8797
   582.369     587.589      0.6203     2.97474     34.8789
   582.854     588.079      0.6189     2.97467     34.8792
   583.337     588.567      0.6167     2.97463     34.8808
   583.820     589.055      0.6172     2.97462     34.8800
   584.303     589.543      0.6174     2.97459     34.8790
   584.788     590.033      0.6167     2.97452     34.8785
   585.273     590.523      0.6162     2.97448     34.8783
   585.758     591.013      0.6155     2.97448     34.8788
   586.243     591.503      0.6136     2.97447     34.8806
   586.729     591.994      0.6121     2.97447     34.8820
   587.213     592.483      0.6143     2.97448     34.8794
   587.699     592.974      0.6129     2.97448     34.8807
   588.185     593.465      0.6107     2.97448     34.8828
   588.675     593.960      0.6097     2.97444     34.8831
   589.166     594.456      0.6093     2.97436     34.8823
   589.658     594.953      0.6097     2.97433     34.8811
   590.148     595.448      0.6083     2.97432     34.8822
   590.639     595.944      0.6088     2.97428     34.8809
   591.131     596.441      0.6086     2.97421     34.8799
   591.621     596.937      0.6077     2.97417     34.8801
   592.113     597.434      0.6084     2.97412     34.8784
   592.608     597.934      0.6065     2.97400     34.8787
   593.106     598.437      0.6026     2.97383     34.8805
   593.604     598.940      0.6002     2.97362     34.8802
   594.102     599.443      0.5978     2.97337     34.8795
   594.603     599.949      0.5959     2.97317     34.8787
   595.105     600.457      0.5942     2.97305     34.8786
   595.607     600.964      0.5928     2.97300     34.8793
   596.105     601.467      0.5928     2.97300     34.8790
   596.602     601.969      0.5918     2.97296     34.8793
   597.097     602.469      0.5904     2.97288     34.8795
   597.589     602.967      0.5894     2.97279     34.8792
   598.082     603.465      0.5866     2.97261     34.8797
   598.576     603.964      0.5830     2.97229     34.8793
   599.074     604.467      0.5784     2.97193     34.8795
   599.575     604.973      0.5743     2.97171     34.8809
   600.076     605.479      0.5736     2.97158     34.8797
   600.576     605.985      0.5726     2.97142     34.8785
   601.077     606.491      0.5693     2.97125     34.8796
   601.578     606.997      0.5664     2.97104     34.8799
   602.081     607.505      0.5659     2.97084     34.8776
   602.584     608.013      0.5652     2.97068     34.8760
   603.085     608.520      0.5628     2.97055     34.8768
   603.590     609.030      0.5592     2.97046     34.8793
   604.097     609.542      0.5582     2.97038     34.8791
   604.604     610.055      0.5563     2.97029     34.8798
   605.112     610.568      0.5546     2.97012     34.8792
   605.617     611.078      0.5508     2.96985     34.8796
   606.120     611.586      0.5477     2.96961     34.8796
   606.622     612.094      0.5479     2.96948     34.8774
   607.125     612.602      0.5467     2.96939     34.8774
   607.628     613.110      0.5450     2.96931     34.8779
   608.129     613.616      0.5431     2.96919     34.8781
   608.631     614.124      0.5410     2.96903     34.8782
   609.134     614.632      0.5393     2.96895     34.8787
   609.639     615.142      0.5395     2.96889     34.8775
   610.146     615.654      0.5369     2.96874     34.8780
   610.652     616.166      0.5326     2.96853     34.8799
   611.160     616.679      0.5309     2.96841     34.8800
   611.668     617.192      0.5306     2.96837     34.8794
   612.176     617.706      0.5297     2.96832     34.8796
   612.682     618.217      0.5294     2.96825     34.8786
   613.187     618.727      0.5275     2.96816     34.8794
   613.693     619.238      0.5258     2.96804     34.8794
   614.199     619.750      0.5249     2.96793     34.8786
   614.706     620.262      0.5246     2.96788     34.8781
   615.211     620.772      0.5227     2.96783     34.8792
   615.713     621.280      0.5210     2.96767     34.8787
   616.216     621.788      0.5186     2.96743     34.8780
   616.721     622.298      0.5158     2.96723     34.8782
   617.224     622.806      0.5131     2.96710     34.8793
   617.724     623.312      0.5119     2.96701     34.8792
   618.222     623.815      0.5102     2.96688     34.8791
   618.717     624.315      0.5074     2.96671     34.8798
   619.207     624.810      0.5052     2.96647     34.8788
   619.691     625.299      0.5028     2.96620     34.8777
   620.167     625.780      0.4973     2.96606     34.8818
   620.634     626.252      0.4982     2.96605     34.8804
   621.083     626.706      0.5011     2.96603     34.8765
   621.507     627.134      0.4963     2.96595     34.8806
   621.895     627.526      0.4970     2.96595     34.8797
   622.239     627.874      0.4982     2.96603     34.8791
   622.532     628.170      0.4973     2.96603     34.8800
   622.781     628.422      0.4966     2.96596     34.8797
   622.999     628.642      0.4954     2.96592     34.8804
   623.190     628.835      0.4939     2.96591     34.8819
   623.362     629.009      0.4901     2.96591     34.8860
   623.522     629.171      0.4927     2.96591     34.8831
   623.673     629.323      0.4951     2.96588     34.8799
   623.815     629.467      0.4944     2.96581     34.8796
   623.952     629.605      0.4949     2.96577     34.8785
   624.081     629.735      0.4937     2.96572     34.8791
   624.202     629.858      0.4894     2.96564     34.8828
   624.316     629.973      0.4891     2.96560     34.8826
   624.423     630.081      0.4901     2.96560     34.8814
   624.525     630.184      0.4872     2.96559     34.8845
   624.623     630.283      0.4882     2.96556     34.8828
   624.714     630.375      0.4887     2.96548     34.8813
   624.796     630.458      0.4867     2.96544     34.8829
   624.866     630.529      0.4865     2.96544     34.8831
   624.921     630.584      0.4883     2.96545     34.8811
   624.961     630.625      0.4899     2.96545     34.8794
   624.982     630.646      0.4903     2.96546     34.8789
