North Pole Environmental Observatory   ÑÑÑ   2002 Aerial CTD Survey
Cast 9 (Helo-8)     88deg 30.1'N _  71deg 14.1'E   4/28/2002 _ 1041 UTC

  Depth(m)  Pres(dbar)    Temp(degC)   Cond(S/m)    Sal(psu)
#
     0.649       0.654     -1.8771     2.66125     33.8428
     0.719       0.724     -1.8699     2.66081     33.8283
     0.787       0.793     -1.8704     2.65968     33.8130
     0.851       0.857     -1.8711     2.65992     33.8172
     0.904       0.911     -1.8716     2.66079     33.8299
     0.950       0.957     -1.8716     2.66054     33.8264
     0.991       0.999     -1.8709     2.66030     33.8221
     1.031       1.039     -1.8696     2.66003     33.8168
     1.072       1.080     -1.8699     2.65838     33.7942
     1.116       1.124     -1.8704     2.65731     33.7797
     1.164       1.173     -1.8696     2.65750     33.7814
     1.223       1.232     -1.8691     2.65700     33.7737
     1.292       1.302     -1.8669     2.65680     33.7685
     1.372       1.382     -1.8654     2.65623     33.7587
     1.466       1.477     -1.8654     2.65308     33.7146
     1.579       1.591     -1.8646     2.64975     33.6671
     1.715       1.728     -1.8641     2.64809     33.6432
     1.869       1.883     -1.8581     2.64574     33.6034
     2.034       2.049     -1.8519     2.64322     33.5610
     2.214       2.231     -1.8489     2.64244     33.5467
     2.415       2.433     -1.8494     2.64229     33.5450
     2.634       2.654     -1.8481     2.64218     33.5419
     2.870       2.892     -1.8466     2.64221     33.5404
     3.116       3.140     -1.8459     2.64221     33.5394
     3.368       3.394     -1.8461     2.64214     33.5385
     3.618       3.646     -1.8474     2.64209     33.5392
     3.858       3.887     -1.8479     2.64209     33.5395
     4.078       4.109     -1.8479     2.64209     33.5394
     4.274       4.307     -1.8479     2.64209     33.5393
     4.444       4.478     -1.8471     2.64209     33.5383
     4.583       4.618     -1.8466     2.64209     33.5376
     4.697       4.733     -1.8466     2.64209     33.5376
     4.791       4.827     -1.8466     2.64209     33.5375
     4.869       4.906     -1.8466     2.64209     33.5374
     4.937       4.975     -1.8474     2.64209     33.5383
     5.002       5.040     -1.8471     2.64209     33.5379
     5.063       5.102     -1.8474     2.64209     33.5382
     5.127       5.166     -1.8471     2.64209     33.5378
     5.194       5.234     -1.8459     2.64209     33.5365
     5.272       5.312     -1.8469     2.64209     33.5375
     5.362       5.403     -1.8471     2.64209     33.5377
     5.470       5.512     -1.8474     2.64210     33.5382
     5.610       5.653     -1.8464     2.64215     33.5375
     5.792       5.836     -1.8461     2.64220     33.5378
     6.014       6.060     -1.8474     2.64223     33.5396
     6.269       6.317     -1.8486     2.64221     33.5405
     6.548       6.598     -1.8484     2.64217     33.5396
     6.842       6.894     -1.8464     2.64221     33.5377
     7.149       7.203     -1.8461     2.64225     33.5377
     7.464       7.521     -1.8466     2.64226     33.5381
     7.790       7.849     -1.8474     2.64230     33.5394
     8.124       8.186     -1.8471     2.64237     33.5398
     8.465       8.530     -1.8466     2.64237     33.5391
     8.811       8.878     -1.8466     2.64235     33.5385
     9.156       9.226     -1.8474     2.64238     33.5396
     9.502       9.574     -1.8479     2.64241     33.5405
     9.849       9.924     -1.8486     2.64242     33.5411
    10.202      10.280     -1.8484     2.64242     33.5406
    10.560      10.641     -1.8472     2.64242     33.5391
    10.922      11.005     -1.8467     2.64242     33.5383
    11.284      11.370     -1.8467     2.64242     33.5381
    11.643      11.732     -1.8467     2.64242     33.5378
    12.001      12.093     -1.8459     2.64243     33.5368
    12.361      12.455     -1.8469     2.64246     33.5382
    12.718      12.815     -1.8472     2.64254     33.5393
    13.076      13.176     -1.8474     2.64258     33.5399
    13.434      13.537     -1.8479     2.64258     33.5403
    13.795      13.900     -1.8479     2.64258     33.5401
    14.156      14.264     -1.8479     2.64262     33.5404
    14.517      14.628     -1.8472     2.64270     33.5405
    14.877      14.991     -1.8467     2.64274     33.5403
    15.236      15.352     -1.8467     2.64275     33.5401
    15.595      15.714     -1.8467     2.64275     33.5399
    15.955      16.077     -1.8474     2.64275     33.5404
    16.318      16.443     -1.8472     2.64275     33.5400
    16.681      16.808     -1.8467     2.64275     33.5392
    17.041      17.171     -1.8467     2.64279     33.5396
    17.399      17.532     -1.8474     2.64287     33.5412
    17.756      17.892     -1.8480     2.64291     33.5422
    18.115      18.253     -1.8472     2.64295     33.5417
    18.478      18.619     -1.8460     2.64299     33.5406
    18.848      18.992     -1.8462     2.64299     33.5407
    19.222      19.369     -1.8460     2.64299     33.5402
    19.595      19.745     -1.8462     2.64296     33.5397
    19.968      20.121     -1.8475     2.64296     33.5409
    20.339      20.495     -1.8472     2.64303     33.5414
    20.711      20.869     -1.8475     2.64307     33.5420
    21.079      21.240     -1.8480     2.64307     33.5424
    21.440      21.604     -1.8457     2.64308     33.5397
    21.798      21.965     -1.8457     2.64308     33.5394
    22.154      22.324     -1.8467     2.64308     33.5403
    22.513      22.685     -1.8475     2.64312     33.5415
    22.875      23.050     -1.8472     2.64319     33.5420
    23.236      23.414     -1.8475     2.64323     33.5427
    23.594      23.775     -1.8480     2.64324     33.5431
    23.953      24.136     -1.8480     2.64328     33.5434
    24.311      24.497     -1.8480     2.64331     33.5437
    24.673      24.862     -1.8472     2.64332     33.5427
    25.037      25.229     -1.8468     2.64336     33.5425
    25.401      25.596     -1.8460     2.64340     33.5420
    25.766      25.963     -1.8463     2.64341     33.5421
    26.125      26.325     -1.8460     2.64345     33.5421
    26.482      26.685     -1.8455     2.64348     33.5418
    26.838      27.044     -1.8455     2.64345     33.5412
    27.198      27.406     -1.8455     2.64346     33.5410
    27.556      27.767     -1.8463     2.64352     33.5426
    27.914      28.128     -1.8453     2.64357     33.5419
    28.270      28.487     -1.8465     2.64357     33.5431
    28.626      28.845     -1.8473     2.64361     33.5443
    28.982      29.204     -1.8460     2.64369     33.5437
    29.337      29.562     -1.8455     2.64373     33.5435
    29.692      29.920     -1.8455     2.64374     33.5433
    30.049      30.279     -1.8455     2.64373     33.5431
    30.405      30.638     -1.8463     2.64374     33.5438
    30.761      30.997     -1.8460     2.64377     33.5437
    31.119      31.358     -1.8470     2.64381     33.5451
    31.479      31.721     -1.8465     2.64378     33.5439
    31.839      32.083     -1.8448     2.64378     33.5418
    32.197      32.444     -1.8458     2.64385     33.5437
    32.557      32.807     -1.8461     2.64390     33.5444
    32.916      33.169     -1.8456     2.64394     33.5443
    33.276      33.531     -1.8463     2.64402     33.5458
    33.632      33.890     -1.8468     2.64406     33.5467
    33.988      34.249     -1.8476     2.64406     33.5474
    34.344      34.608     -1.8458     2.64407     33.5453
    34.698      34.965     -1.8458     2.64411     33.5456
    35.054      35.323     -1.8461     2.64418     33.5468
    35.411      35.683     -1.8463     2.64423     33.5474
    35.770      36.045     -1.8468     2.64427     33.5484
    36.128      36.406     -1.8453     2.64440     33.5482
    36.486      36.766     -1.8451     2.64455     33.5499
    36.842      37.125     -1.8456     2.64467     33.5519
    37.197      37.483     -1.8463     2.64476     33.5537
    37.552      37.841     -1.8468     2.64484     33.5552
    37.907      38.198     -1.8461     2.64492     33.5553
    38.259      38.553     -1.8471     2.64500     33.5574
    38.613      38.910     -1.8473     2.64509     33.5585
    38.966      39.266     -1.8468     2.64521     33.5594
    39.319      39.621     -1.8461     2.64533     33.5601
    39.672      39.977     -1.8456     2.64542     33.5606
    40.025      40.333     -1.8456     2.64554     33.5620
    40.378      40.689     -1.8464     2.64566     33.5643
    40.732      41.045     -1.8476     2.64574     33.5666
    41.086      41.402     -1.8459     2.64583     33.5657
    41.440      41.759     -1.8466     2.64591     33.5674
    41.794      42.116     -1.8474     2.64599     33.5692
    42.150      42.475     -1.8469     2.64607     33.5696
    42.507      42.834     -1.8469     2.64619     33.5710
    42.865      43.195     -1.8476     2.64631     33.5731
    43.225      43.558     -1.8474     2.64635     33.5733
    43.587      43.923     -1.8469     2.64640     33.5732
    43.950      44.289     -1.8476     2.64648     33.5748
    44.313      44.654     -1.8474     2.64656     33.5755
    44.674      45.018     -1.8476     2.64664     33.5766
    45.035      45.382     -1.8474     2.64672     33.5773
    45.395      45.745     -1.8469     2.64681     33.5777
    45.756      46.109     -1.8476     2.64689     33.5794
    46.119      46.474     -1.8474     2.64701     33.5806
    46.480      46.838     -1.8469     2.64713     33.5815
    46.839      47.200     -1.8484     2.64721     33.5841
    47.199      47.563     -1.8472     2.64733     33.5843
    47.560      47.927     -1.8472     2.64748     33.5861
    47.920      48.290     -1.8474     2.64760     33.5878
    48.282      48.654     -1.8471     2.64771     33.5888
    48.641      49.016     -1.8475     2.64783     33.5907
    48.997      49.375     -1.8480     2.64794     33.5925
    49.352      49.733     -1.8474     2.64803     33.5928
    49.709      50.093     -1.8477     2.64815     33.5947
    50.067      50.453     -1.8474     2.64836     33.5970
    50.422      50.811     -1.8469     2.64864     33.6001
    50.775      51.167     -1.8462     2.64892     33.6030
    51.126      51.521     -1.8457     2.64917     33.6057
    51.480      51.877     -1.8449     2.64942     33.6080
    51.834      52.234     -1.8429     2.64968     33.6091
    52.192      52.595     -1.8419     2.65001     33.6124
    52.553      52.959     -1.8427     2.65041     33.6186
    52.913      53.322     -1.8417     2.65082     33.6230
    53.269      53.681     -1.8399     2.65123     33.6265
    53.624      54.038     -1.8387     2.65165     33.6307
    53.979      54.396     -1.8352     2.65210     33.6328
    54.333      54.753     -1.8339     2.65251     33.6368
    54.683      55.106     -1.8329     2.65285     33.6402
    55.031      55.456     -1.8319     2.65317     33.6433
    55.374      55.802     -1.8334     2.65342     33.6483
    55.716      56.147     -1.8352     2.65363     33.6531
    56.054      56.487     -1.8342     2.65391     33.6556
    56.385      56.821     -1.8332     2.65419     33.6582
    56.704      57.143     -1.8310     2.65441     33.6585
    57.010      57.451     -1.8287     2.65462     33.6587
    57.302      57.745     -1.8290     2.65486     33.6622
    57.580      58.025     -1.8280     2.65507     33.6638
    57.841      58.288     -1.8262     2.65528     33.6645
    58.078      58.527     -1.8242     2.65543     33.6642
    58.282      58.733     -1.8232     2.65541     33.6626
    58.446      58.898     -1.8255     2.65529     33.6635
    58.572      59.025     -1.8270     2.65524     33.6644
    58.669      59.123     -1.8270     2.65520     33.6637
    58.746      59.201     -1.8270     2.65512     33.6627
    58.810      59.265     -1.8262     2.65512     33.6617
    58.861      59.316     -1.8257     2.65516     33.6616
    58.902      59.358     -1.8257     2.65512     33.6610
    58.936      59.392     -1.8265     2.65508     33.6613
    58.961      59.417     -1.8270     2.65503     33.6613
    58.981      59.437     -1.8270     2.65496     33.6602
    58.998      59.455     -1.8270     2.65492     33.6597
    59.014      59.471     -1.8277     2.65495     33.6609
    59.026      59.483     -1.8267     2.65499     33.6602
    59.035      59.492     -1.8265     2.65496     33.6596
    59.042      59.499     -1.8277     2.65496     33.6609
    59.047      59.504     -1.8267     2.65499     33.6603
    59.051      59.508     -1.8272     2.65500     33.6609
    59.053      59.510     -1.8275     2.65504     33.6618
    59.055      59.512     -1.8270     2.65507     33.6618
    59.055      59.512     -1.8277     2.65508     33.6626
    59.055      59.512     -1.8275     2.65508     33.6624
    59.053      59.510     -1.8277     2.65507     33.6625
    59.050      59.507     -1.8275     2.65503     33.6617
    59.048      59.505     -1.8285     2.65496     33.6618
    59.049      59.506     -1.8288     2.65495     33.6621
    59.051      59.508     -1.8283     2.65499     33.6621
    59.051      59.508     -1.8275     2.65500     33.6613
    59.050      59.507     -1.8270     2.65504     33.6612
    59.047      59.504     -1.8278     2.65507     33.6626
    59.043      59.500     -1.8275     2.65508     33.6624
    59.037      59.494     -1.8285     2.65507     33.6635
    59.032      59.489     -1.8273     2.65507     33.6621
    59.028      59.485     -1.8273     2.65503     33.6616
    59.025      59.482     -1.8283     2.65500     33.6622
    59.024      59.481     -1.8275     2.65503     33.6617
    59.021      59.478     -1.8278     2.65503     33.6621
    59.018      59.475     -1.8283     2.65499     33.6621
    59.016      59.473     -1.8283     2.65499     33.6621
    59.014      59.471     -1.8268     2.65499     33.6605
    59.015      59.472     -1.8273     2.65503     33.6615
    59.021      59.478     -1.8275     2.65507     33.6623
    59.030      59.487     -1.8270     2.65507     33.6617
    59.039      59.496     -1.8270     2.65507     33.6617
    59.046      59.503     -1.8270     2.65507     33.6617
    59.051      59.508     -1.8278     2.65507     33.6626
    59.055      59.512     -1.8275     2.65507     33.6623
    59.058      59.515     -1.8270     2.65507     33.6617
    59.060      59.517     -1.8263     2.65507     33.6609
    59.061      59.518     -1.8250     2.65508     33.6595
    59.062      59.519     -1.8253     2.65508     33.6598
    59.062      59.519     -1.8265     2.65507     33.6612
    59.061      59.518     -1.8263     2.65507     33.6609
    59.060      59.517     -1.8258     2.65507     33.6604
    59.059      59.516     -1.8265     2.65507     33.6612
    59.056      59.513     -1.8263     2.65507     33.6609
    59.055      59.512     -1.8258     2.65507     33.6604
    59.057      59.514     -1.8265     2.65507     33.6612
    59.060      59.517     -1.8278     2.65507     33.6626
    59.063      59.520     -1.8283     2.65507     33.6631
    59.064      59.521     -1.8276     2.65507     33.6624
    59.066      59.523     -1.8271     2.65507     33.6618
    59.067      59.524     -1.8263     2.65507     33.6609
    59.068      59.525     -1.8258     2.65507     33.6604
    59.069      59.526     -1.8266     2.65507     33.6612
    59.069      59.526     -1.8278     2.65507     33.6626
    59.069      59.526     -1.8283     2.65506     33.6631
    59.069      59.526     -1.8283     2.65506     33.6631
    59.070      59.527     -1.8276     2.65507     33.6623
    59.070      59.527     -1.8271     2.65507     33.6618
    59.069      59.526     -1.8278     2.65506     33.6625
    59.069      59.526     -1.8276     2.65506     33.6623
    59.069      59.526     -1.8271     2.65506     33.6617
    59.069      59.526     -1.8278     2.65506     33.6625
    59.068      59.525     -1.8283     2.65506     33.6630
    59.067      59.524     -1.8276     2.65506     33.6623
    59.066      59.523     -1.8271     2.65506     33.6617
    59.065      59.522     -1.8271     2.65506     33.6617
    59.064      59.521     -1.8271     2.65507     33.6618
    59.061      59.518     -1.8263     2.65510     33.6614
    59.059      59.516     -1.8266     2.65514     33.6622
    59.058      59.515     -1.8271     2.65514     33.6628
    59.060      59.517     -1.8278     2.65518     33.6641
    59.063      59.520     -1.8268     2.65522     33.6635
    59.066      59.523     -1.8281     2.65522     33.6650
    59.069      59.526     -1.8281     2.65521     33.6650
    59.071      59.528     -1.8271     2.65522     33.6639
    59.074      59.531     -1.8278     2.65521     33.6646
    59.076      59.533     -1.8268     2.65521     33.6635
    59.079      59.536     -1.8258     2.65522     33.6624
    59.083      59.540     -1.8261     2.65522     33.6627
    59.087      59.544     -1.8265     2.65525     33.6637
    59.094      59.551     -1.8269     2.65529     33.6646
    59.107      59.564     -1.8264     2.65530     33.6642
    59.123      59.581     -1.8266     2.65533     33.6649
    59.144      59.602     -1.8271     2.65537     33.6659
    59.169      59.627     -1.8271     2.65537     33.6660
    59.201      59.659     -1.8264     2.65541     33.6657
    59.241      59.699     -1.8266     2.65544     33.6664
    59.291      59.750     -1.8256     2.65545     33.6653
    59.356      59.815     -1.8254     2.65549     33.6656
    59.438      59.898     -1.8244     2.65553     33.6649
    59.544      60.005     -1.8249     2.65558     33.6662
    59.680      60.142     -1.8259     2.65578     33.6700
    59.853      60.316     -1.8244     2.65610     33.6726
    60.062      60.527     -1.8242     2.65643     33.6768
    60.300      60.767     -1.8254     2.65679     33.6830
    60.561      61.030     -1.8237     2.65712     33.6855
    60.841      61.312     -1.8207     2.65742     33.6862
    61.139      61.612     -1.8205     2.65778     33.6908
    61.450      61.926     -1.8195     2.65815     33.6946
    61.771      62.249     -1.8170     2.65848     33.6962
    62.096      62.577     -1.8160     2.65880     33.6993
    62.428      62.912     -1.8152     2.65905     33.7017
    62.764      63.250     -1.8140     2.65923     33.7025
    63.101      63.590     -1.8135     2.65943     33.7046
    63.441      63.933     -1.8135     2.65963     33.7071
    63.782      64.276     -1.8128     2.65980     33.7086
    64.122      64.619     -1.8115     2.66006     33.7104
    64.462      64.962     -1.8118     2.66046     33.7161
    64.804      65.306     -1.8115     2.66091     33.7219
    65.146      65.651     -1.8110     2.66145     33.7287
    65.489      65.997     -1.8103     2.66218     33.7378
    65.831      66.341     -1.8090     2.66300     33.7475
    66.172      66.685     -1.8070     2.66382     33.7564
    66.514      67.030     -1.8046     2.66459     33.7643
    66.856      67.375     -1.8021     2.66525     33.7704
    67.200      67.721     -1.8003     2.66580     33.7758
    67.541      68.065     -1.7991     2.66631     33.7813
    67.882      68.409     -1.7963     2.66693     33.7865
    68.223      68.752     -1.7948     2.66761     33.7941
    68.564      69.096     -1.7941     2.66819     33.8012
    68.907      69.442     -1.7921     2.66872     33.8061
    69.252      69.790     -1.7904     2.66917     33.8102
    69.599      70.139     -1.7899     2.66946     33.8135
    69.945      70.488     -1.7884     2.66965     33.8141
    70.292      70.838     -1.7881     2.66987     33.8167
    70.639      71.188     -1.7879     2.67030     33.8222
    70.986      71.537     -1.7866     2.67078     33.8272
    71.332      71.886     -1.7861     2.67116     33.8317
    71.678      72.235     -1.7862     2.67144     33.8355
    72.021      72.581     -1.7869     2.67165     33.8390
    72.364      72.926     -1.7867     2.67182     33.8409
    72.706      73.271     -1.7854     2.67198     33.8415
    73.047      73.615     -1.7849     2.67211     33.8424
    73.391      73.961     -1.7849     2.67219     33.8434
    73.736      74.309     -1.7857     2.67232     33.8458
    74.082      74.658     -1.7847     2.67252     33.8473
    74.428      75.007     -1.7844     2.67273     33.8496
    74.775      75.356     -1.7842     2.67298     33.8527
    75.121      75.705     -1.7845     2.67329     33.8572
    75.465      76.052     -1.7842     2.67359     33.8608
    75.809      76.399     -1.7837     2.67399     33.8656
    76.155      76.747     -1.7830     2.67438     33.8699
    76.500      77.095     -1.7825     2.67453     33.8712
    76.847      77.445     -1.7817     2.67466     33.8719
    77.192      77.793     -1.7827     2.67485     33.8755
    77.541      78.144     -1.7852     2.67497     33.8798
    77.892      78.498     -1.7870     2.67509     33.8833
    78.243      78.852     -1.7883     2.67525     33.8868
    79.615      80.235     -1.7869     2.67709     33.9100
    80.135      80.759     -1.7859     2.67770     33.9170
    80.654      81.282     -1.7839     2.67814     33.9205
    81.170      81.802     -1.7826     2.67864     33.9256
    81.687      82.323     -1.7814     2.67926     33.9326
    82.204      82.845     -1.7811     2.67971     33.9382
    82.720      83.365     -1.7819     2.67998     33.9425
    83.234      83.883     -1.7809     2.68027     33.9451
    83.752      84.405     -1.7794     2.68060     33.9477
    84.272      84.929     -1.7779     2.68103     33.9516
    84.795      85.456     -1.7751     2.68164     33.9566
    85.315      85.980     -1.7729     2.68237     33.9639
    85.836      86.506     -1.7696     2.68307     33.9695
    86.359      87.033     -1.7671     2.68371     33.9753
    86.882      87.560     -1.7636     2.68450     33.9820
    87.402      88.084     -1.7601     2.68549     33.9915
    87.921      88.607     -1.7579     2.68632     34.0001
    88.440      89.130     -1.7551     2.68702     34.0063
    88.955      89.650     -1.7519     2.68787     34.0142
    89.468      90.167     -1.7467     2.68880     34.0209
    89.981      90.684     -1.7439     2.68958     34.0282
    90.495      91.202     -1.7422     2.69017     34.0341
    91.009      91.720     -1.7402     2.69072     34.0391
    91.522      92.237     -1.7379     2.69133     34.0447
    92.036      92.755     -1.7347     2.69196     34.0494
    92.551      93.274     -1.7317     2.69261     34.0548
    93.064      93.792     -1.7284     2.69329     34.0600
    93.576      94.308     -1.7269     2.69374     34.0644
    94.088      94.824     -1.7264     2.69402     34.0674
    94.602      95.342     -1.7247     2.69449     34.0716
    95.117      95.861     -1.7207     2.69530     34.0779
    95.633      96.381     -1.7155     2.69623     34.0845
    96.147      96.899     -1.7117     2.69705     34.0913
    96.660      97.417     -1.7080     2.69780     34.0971
    97.170      97.931     -1.7047     2.69844     34.1019
    97.679      98.444     -1.7022     2.69886     34.1046
    98.190      98.959     -1.7002     2.69917     34.1063
    98.703      99.476     -1.6980     2.69953     34.1084
    99.217      99.994     -1.6958     2.69991     34.1108
    99.731     100.512     -1.6938     2.70035     34.1144
   100.246     101.031     -1.6878     2.70119     34.1188
   100.760     101.550     -1.6808     2.70242     34.1276
   101.277     102.071     -1.6736     2.70364     34.1359
   101.793     102.591     -1.6678     2.70454     34.1415
   102.306     103.108     -1.6656     2.70509     34.1463
   102.816     103.622     -1.6638     2.70546     34.1489
   103.326     104.136     -1.6616     2.70598     34.1534
   103.838     104.652     -1.6526     2.70698     34.1566
   104.349     105.168     -1.6409     2.70843     34.1629
   104.863     105.686     -1.6314     2.70984     34.1712
   105.379     106.206     -1.6275     2.71078     34.1796
   105.895     106.726     -1.6250     2.71130     34.1835
   106.408     107.243     -1.6230     2.71159     34.1850
   106.919     107.758     -1.6217     2.71180     34.1860
   107.428     108.272     -1.6205     2.71197     34.1867
   107.935     108.783     -1.6192     2.71222     34.1884
   108.440     109.292     -1.6165     2.71268     34.1913
   108.947     109.803     -1.6105     2.71342     34.1944
   109.456     110.316     -1.6020     2.71440     34.1979
   109.965     110.829     -1.5931     2.71543     34.2015
   110.476     111.344     -1.5861     2.71637     34.2063
   110.990     111.862     -1.5799     2.71720     34.2103
   111.503     112.380     -1.5747     2.71787     34.2133
   112.019     112.900     -1.5694     2.71855     34.2163
   112.534     113.419     -1.5620     2.71933     34.2183
   113.049     113.938     -1.5535     2.72025     34.2209
   113.561     114.454     -1.5440     2.72129     34.2241
   114.071     114.968     -1.5328     2.72246     34.2272
   114.577     115.479     -1.5189     2.72385     34.2302
   115.085     115.991     -1.5075     2.72519     34.2352
   115.595     116.505     -1.4995     2.72615     34.2390
   116.105     117.019     -1.4946     2.72686     34.2428
   116.615     117.533     -1.4906     2.72738     34.2451
   117.122     118.044     -1.4881     2.72767     34.2459
   117.628     118.554     -1.4861     2.72784     34.2457
   118.133     119.064     -1.4834     2.72809     34.2457
   118.637     119.572     -1.4794     2.72848     34.2462
   119.139     120.078     -1.4769     2.72884     34.2479
   119.642     120.585     -1.4739     2.72915     34.2485
   120.146     121.093     -1.4682     2.72969     34.2491
   120.651     121.602     -1.4585     2.73050     34.2488
   121.156     122.111     -1.4498     2.73136     34.2504
   121.662     122.621     -1.4429     2.73216     34.2533
   122.168     123.131     -1.4329     2.73309     34.2542
   122.671     123.639     -1.4235     2.73419     34.2583
   123.174     124.146     -1.4129     2.73531     34.2613
   123.678     124.654     -1.4007     2.73647     34.2630
   124.184     125.164     -1.3907     2.73761     34.2669
   124.691     125.675     -1.3813     2.73853     34.2685
   125.197     126.185     -1.3711     2.73939     34.2683
   125.700     126.692     -1.3597     2.74040     34.2688
   126.201     127.197     -1.3478     2.74167     34.2724
   126.702     127.703     -1.3339     2.74309     34.2757
   127.205     128.210     -1.3225     2.74434     34.2795
   127.707     128.716     -1.3116     2.74546     34.2821
   128.209     129.222     -1.3008     2.74648     34.2834
   128.713     129.730     -1.2931     2.74728     34.2854
   129.220     130.241     -1.2834     2.74814     34.2858
   129.729     130.754     -1.2701     2.74935     34.2868
   130.236     131.266     -1.2599     2.75054     34.2912
   130.744     131.778     -1.2527     2.75129     34.2930
   131.248     132.286     -1.2463     2.75142     34.2870
   131.751     132.793     -1.2371     2.75175     34.2807
   132.254     133.300     -1.2243     2.75341     34.2886
   132.759     133.809     -1.2089     2.75536     34.2974
   133.263     134.317     -1.1951     2.75681     34.3011
   133.764     134.823     -1.1755     2.75854     34.3021
   134.264     135.327     -1.1528     2.76065     34.3047
   134.766     135.833     -1.1335     2.76262     34.3093
   135.268     136.339     -1.1165     2.76422     34.3115
   135.770     136.845     -1.1027     2.76571     34.3157
   136.271     137.350     -1.0879     2.76743     34.3221
   136.775     137.858     -1.0693     2.76936     34.3268
   137.280     138.368     -1.0508     2.77110     34.3292
   137.788     138.880     -1.0338     2.77264     34.3306
   138.296     139.392     -1.0200     2.77400     34.3329
   138.803     139.903     -1.0086     2.77508     34.3344
   139.307     140.411     -1.0007     2.77592     34.3365
   139.809     140.917     -0.9968     2.77644     34.3388
   140.310     141.423     -0.9954     2.77668     34.3402
   140.813     141.930     -0.9934     2.77690     34.3406
   141.315     142.436     -0.9860     2.77746     34.3394
   141.816     142.941     -0.9719     2.77860     34.3386
   142.319     143.448     -0.9540     2.78017     34.3392
   142.825     143.958     -0.9387     2.78167     34.3420
   143.331     144.469     -0.9283     2.78290     34.3464
   143.837     144.979     -0.9170     2.78414     34.3501
   144.342     145.488     -0.8964     2.78583     34.3494
   144.844     145.994     -0.8750     2.78785     34.3521
   145.349     146.503     -0.8592     2.78964     34.3581
   145.854     147.012     -0.8420     2.79130     34.3607
   146.360     147.523     -0.8223     2.79328     34.3648
   146.864     148.031     -0.8005     2.79541     34.3687
   147.369     148.540     -0.7848     2.79713     34.3737
   147.873     149.048     -0.7750     2.79824     34.3774
   148.375     149.554     -0.7612     2.79932     34.3760
   148.876     150.059     -0.7440     2.80084     34.3767
   149.376     150.564     -0.7281     2.80266     34.3829
   149.875     151.067     -0.7089     2.80449     34.3854
   150.377     151.573     -0.6895     2.80632     34.3879
   150.880     152.080     -0.6697     2.80828     34.3915
   151.386     152.590     -0.6464     2.81045     34.3940
   151.894     153.103     -0.6182     2.81294     34.3952
   152.403     153.616     -0.5977     2.81523     34.4026
   152.911     154.128     -0.5840     2.81684     34.4085
   153.420     154.641     -0.5742     2.81788     34.4110
   153.931     155.156     -0.5681     2.81859     34.4133
   154.442     155.672     -0.5610     2.81925     34.4138
   154.954     156.188     -0.5514     2.82011     34.4142
   155.466     156.704     -0.5384     2.82128     34.4149
   155.975     157.217     -0.5255     2.82255     34.4171
   156.479     157.726     -0.5170     2.82360     34.4211
   156.982     158.233     -0.5059     2.82468     34.4228
   157.484     158.739     -0.4800     2.82678     34.4213
   157.986     159.245     -0.4432     2.83001     34.4227
   158.487     159.750     -0.4195     2.83286     34.4337
   158.985     160.253     -0.3994     2.83491     34.4382
   159.485     160.757     -0.3746     2.83715     34.4399
   159.986     161.262     -0.3519     2.83960     34.4466
   160.487     161.767     -0.3355     2.84154     34.4538
   160.986     162.270     -0.3197     2.84314     34.4570
   161.482     162.770     -0.2978     2.84511     34.4583
   161.980     163.273     -0.2751     2.84734     34.4621
   162.483     163.780     -0.2598     2.84904     34.4672
   162.986     164.287     -0.2512     2.84997     34.4695
   163.486     164.791     -0.2464     2.85055     34.4715
   163.984     165.293     -0.2415     2.85114     34.4735
   164.479     165.793     -0.2362     2.85173     34.4752
   164.975     166.293     -0.2286     2.85236     34.4747
   165.471     166.793     -0.2174     2.85332     34.4746
   165.968     167.294     -0.2006     2.85488     34.4761
   166.466     167.796     -0.1778     2.85696     34.4777
   166.964     168.298     -0.1520     2.85951     34.4822
   167.459     168.797     -0.1246     2.86232     34.4884
   167.951     169.294     -0.0988     2.86485     34.4927
   168.444     169.791     -0.0751     2.86714     34.4959
   168.935     170.286     -0.0559     2.86917     34.5010
   169.425     170.780     -0.0372     2.87112     34.5055
   169.917     171.276     -0.0120     2.87346     34.5079
   170.410     171.773      0.0062     2.87562     34.5157
   170.906     172.273      0.0176     2.87705     34.5215
   171.399     172.771      0.0293     2.87820     34.5232
   171.889     173.265      0.0430     2.87954     34.5252
   172.378     173.758      0.0646     2.88139     34.5250
   172.869     174.253      0.0893     2.88357     34.5259
   173.357     174.745      0.1087     2.88562     34.5307
   173.838     175.230      0.1239     2.88733     34.5360
   174.318     175.714      0.1365     2.88873     34.5400
   174.797     176.197      0.1461     2.88991     34.5445
   175.277     176.681      0.1553     2.89097     34.5478
   175.752     177.160      0.1633     2.89196     34.5516
   176.223     177.635      0.1740     2.89314     34.5549
   176.692     178.108      0.1882     2.89452     34.5568
   177.160     178.580      0.2013     2.89591     34.5601
   177.629     179.053      0.2205     2.89774     34.5624
   178.099     179.527      0.2457     2.90014     34.5654
   178.571     180.003      0.2653     2.90223     34.5706
   179.045     180.481      0.2773     2.90346     34.5730
   179.519     180.959      0.2858     2.90429     34.5740
   179.992     181.436      0.3014     2.90570     34.5748
   180.467     181.915      0.3338     2.90866     34.5770
   180.947     182.399      0.3679     2.91229     34.5861
   181.431     182.887      0.3892     2.91473     34.5939
   181.916     183.376      0.4031     2.91607     34.5957
   182.399     183.863      0.4118     2.91705     34.5985
   182.879     184.347      0.4185     2.91783     34.6009
   183.358     184.830      0.4265     2.91865     34.6023
   183.836     185.312      0.4373     2.91960     34.6024
   184.314     185.794      0.4457     2.92053     34.6048
   184.793     186.278      0.4539     2.92142     34.6070
   185.275     186.764      0.4643     2.92238     34.6076
   185.758     187.251      0.4717     2.92320     34.6097
   186.242     187.739      0.4813     2.92404     34.6097
   186.728     188.229      0.4919     2.92518     34.6124
   187.216     188.721      0.5049     2.92657     34.6158
   187.702     189.211      0.5218     2.92820     34.6179
   188.186     189.699      0.5446     2.93029     34.6193
   188.670     190.187      0.5662     2.93251     34.6238
   189.154     190.676      0.5806     2.93424     34.6300
   189.640     191.166      0.5983     2.93601     34.6330
   190.129     191.659      0.6182     2.93809     34.6375
   190.616     192.150      0.6319     2.93975     34.6435
   191.101     192.639      0.6418     2.94082     34.6461
   191.587     193.129      0.6516     2.94186     34.6484
   192.071     193.617      0.6679     2.94349     34.6511
   192.554     194.104      0.6950     2.94598     34.6528
   193.036     194.590      0.7223     2.94875     34.6581
   193.518     195.077      0.7379     2.95092     34.6686
   194.003     195.566      0.7503     2.95244     34.6742
   194.490     196.057      0.7630     2.95376     34.6767
   194.977     196.548      0.7740     2.95491     34.6792
   195.467     197.042      0.7817     2.95573     34.6809
   195.959     197.538      0.7865     2.95628     34.6824
   196.449     198.033      0.7912     2.95688     34.6846
   196.937     198.525      0.7975     2.95758     34.6864
   197.422     199.014      0.8078     2.95846     34.6861
   197.907     199.503      0.8233     2.95980     34.6858
   198.396     199.996      0.8424     2.96157     34.6871
   198.887     200.491      0.8582     2.96332     34.6918
   199.379     200.988      0.8695     2.96477     34.6977
   199.872     201.485      0.8815     2.96609     34.7011
   200.365     201.982      0.8929     2.96735     34.7044
   200.856     202.477      0.9027     2.96853     34.7085
   201.344     202.969      0.9115     2.96958     34.7119
   201.831     203.460      0.9201     2.97047     34.7135
   202.319     203.953      0.9258     2.97108     34.7148
   202.807     204.445      0.9314     2.97158     34.7147
   203.293     204.935      0.9431     2.97256     34.7140
   203.776     205.422      0.9617     2.97436     34.7162
   204.259     205.909      0.9784     2.97634     34.7228
   204.744     206.398      0.9870     2.97761     34.7294
   205.226     206.885      0.9927     2.97826     34.7311
   205.708     207.371      0.9973     2.97874     34.7319
   206.188     207.855      1.0018     2.97918     34.7322
   206.669     208.340      1.0046     2.97954     34.7335
   207.149     208.824      1.0092     2.97998     34.7337
   207.626     209.305      1.0176     2.98087     34.7356
   208.103     209.786      1.0295     2.98221     34.7393
   208.580     210.267      1.0400     2.98338     34.7424
   209.058     210.749      1.0517     2.98451     34.7437
   209.537     211.232      1.0693     2.98619     34.7454
   210.018     211.718      1.0888     2.98822     34.7495
   210.502     212.206      1.1053     2.99004     34.7543
   210.984     212.692      1.1155     2.99135     34.7595
   211.465     213.177      1.1222     2.99212     34.7616
   211.945     213.661      1.1269     2.99270     34.7636
   212.425     214.145      1.1376     2.99370     34.7642
   212.907     214.631      1.1514     2.99515     34.7673
   213.387     215.116      1.1626     2.99641     34.7707
   213.869     215.602      1.1719     2.99736     34.7722
   214.350     216.087      1.1816     2.99840     34.7745
   214.834     216.575      1.1938     2.99970     34.7773
   215.318     217.063      1.2073     3.00106     34.7794
   215.801     217.550      1.2140     3.00202     34.7841
   216.280     218.033      1.2218     3.00288     34.7861
   216.757     218.515      1.2330     3.00404     34.7882
   217.234     218.996      1.2439     3.00518     34.7904
   217.711     219.477      1.2530     3.00616     34.7927
   218.188     219.958      1.2599     3.00704     34.7960
   218.666     220.440      1.2646     3.00769     34.7987
   219.141     220.919      1.2689     3.00809     34.7989
   219.616     221.398      1.2710     3.00836     34.7997
   220.091     221.877      1.2720     3.00851     34.8002
   220.567     222.357      1.2739     3.00859     34.7988
   221.043     222.838      1.2746     3.00869     34.7991
   221.523     223.322      1.2751     3.00887     34.8005
   222.004     223.807      1.2815     3.00938     34.7996
   222.483     224.290      1.2929     3.01041     34.7999
   222.959     224.770      1.3005     3.01151     34.8052
   223.435     225.250      1.3065     3.01225     34.8077
   223.912     225.731      1.3093     3.01264     34.8093
   224.387     226.210      1.3128     3.01297     34.8094
   224.859     226.687      1.3160     3.01336     34.8105
   225.333     227.165      1.3178     3.01371     34.8128
   225.806     227.642      1.3209     3.01400     34.8127
   226.278     228.118      1.3245     3.01429     34.8121
   226.750     228.594      1.3273     3.01466     34.8135
   227.225     229.073      1.3344     3.01521     34.8123
   227.703     229.555      1.3430     3.01606     34.8134
   228.179     230.035      1.3522     3.01701     34.8150
   228.653     230.513      1.3570     3.01768     34.8179
   229.125     230.989      1.3610     3.01817     34.8195
   229.595     231.464      1.3693     3.01896     34.8201
   230.065     231.938      1.3781     3.02006     34.8241
   230.534     232.411      1.3895     3.02130     34.8270
   231.003     232.884      1.4018     3.02264     34.8302
   231.473     233.358      1.4099     3.02377     34.8353
   231.943     233.832      1.4148     3.02448     34.8387
   232.413     234.306      1.4189     3.02499     34.8403
   232.880     234.777      1.4227     3.02542     34.8414
   233.346     235.247      1.4246     3.02570     34.8425
   233.815     235.720      1.4258     3.02582     34.8424
   234.284     236.193      1.4270     3.02585     34.8412
   234.751     236.664      1.4272     3.02584     34.8406
   235.219     237.136      1.4260     3.02586     34.8419
   235.690     237.612      1.4248     3.02588     34.8432
   236.163     238.089      1.4241     3.02582     34.8430
   236.634     238.564      1.4232     3.02573     34.8426
   237.101     239.035      1.4218     3.02564     34.8427
   237.567     239.505      1.4213     3.02559     34.8423
   238.034     239.976      1.4206     3.02557     34.8426
   238.503     240.449      1.4211     3.02556     34.8416
   238.973     240.923      1.4218     3.02556     34.8405
   239.443     241.397      1.4218     3.02559     34.8407
   239.911     241.869      1.4213     3.02566     34.8418
   240.380     242.342      1.4206     3.02569     34.8427
   240.850     242.816      1.4211     3.02569     34.8419
   241.316     243.287      1.4213     3.02569     34.8414
   241.781     243.756      1.4211     3.02572     34.8417
   242.247     244.226      1.4228     3.02580     34.8405
   242.716     244.699      1.4242     3.02583     34.8392
   243.182     245.169      1.4232     3.02583     34.8399
   243.647     245.638      1.4218     3.02582     34.8411
   244.112     246.107      1.4218     3.02586     34.8413
   244.577     246.576      1.4223     3.02593     34.8414
   245.044     247.047      1.4225     3.02597     34.8414
   245.511     247.518      1.4223     3.02597     34.8413
   245.979     247.990      1.4230     3.02597     34.8403
   246.449     248.464      1.4226     3.02597     34.8404
   246.919     248.939      1.4224     3.02600     34.8409
   247.391     249.415      1.4226     3.02608     34.8413
   247.861     249.889      1.4228     3.02611     34.8413
   248.330     250.362      1.4242     3.02612     34.8395
   248.799     250.835      1.4238     3.02611     34.8396
   249.267     251.307      1.4236     3.02611     34.8395
   249.734     251.778      1.4238     3.02611     34.8390
   250.196     252.244      1.4226     3.02615     34.8405
   250.656     252.708      1.4224     3.02622     34.8414
   251.116     253.172      1.4226     3.02626     34.8414
   251.576     253.636      1.4224     3.02626     34.8414
   252.035     254.099      1.4226     3.02626     34.8409
   252.494     254.562      1.4222     3.02626     34.8410
   252.953     255.025      1.4230     3.02626     34.8399
   253.415     255.492      1.4238     3.02626     34.8387
   253.878     255.959      1.4233     3.02626     34.8390
   254.339     256.424      1.4224     3.02630     34.8402
   254.801     256.890      1.4226     3.02637     34.8407
   255.266     257.359      1.4224     3.02641     34.8411
   255.731     257.828      1.4221     3.02641     34.8412
   256.195     258.296      1.4217     3.02641     34.8413
   256.657     258.762      1.4226     3.02641     34.8401
   257.118     259.227      1.4219     3.02641     34.8406
   257.577     259.690      1.4219     3.02645     34.8408
   258.034     260.151      1.4229     3.02653     34.8405
   258.491     260.612      1.4229     3.02657     34.8407
   258.949     261.074      1.4217     3.02657     34.8418
   259.408     261.537      1.4226     3.02657     34.8405
   259.867     262.000      1.4219     3.02657     34.8410
   260.328     262.465      1.4219     3.02657     34.8407
   260.788     262.929      1.4228     3.02657     34.8395
   261.248     263.394      1.4237     3.02657     34.8383
   261.708     263.858      1.4230     3.02661     34.8392
   262.168     264.322      1.4226     3.02669     34.8404
   262.627     264.785      1.4228     3.02673     34.8404
   263.086     265.248      1.4237     3.02678     34.8398
   263.545     265.711      1.4225     3.02685     34.8417
   264.005     266.175      1.4228     3.02689     34.8417
   264.464     266.638      1.4232     3.02689     34.8410
   264.922     267.100      1.4223     3.02689     34.8417
   265.383     267.565      1.4225     3.02689     34.8412
   265.845     268.031      1.4218     3.02689     34.8417
   266.307     268.497      1.4223     3.02689     34.8409
   266.766     268.960      1.4230     3.02695     34.8406
   267.225     269.423      1.4249     3.02723     34.8417
   267.684     269.886      1.4320     3.02790     34.8421
   268.142     270.348      1.4412     3.02890     34.8445
   268.595     270.805      1.4483     3.02986     34.8485
   269.047     271.261      1.4554     3.03071     34.8512
   269.499     271.717      1.4616     3.03156     34.8549
   269.953     272.176      1.4668     3.03221     34.8571
   270.408     272.635      1.4736     3.03284     34.8573
   270.859     273.090      1.4786     3.03347     34.8596
   271.309     273.544      1.4791     3.03376     34.8625
   271.761     274.000      1.4803     3.03386     34.8621
   272.215     274.458      1.4810     3.03391     34.8618
   272.671     274.918      1.4823     3.03410     34.8625
   273.123     275.374      1.4869     3.03466     34.8642
   273.575     275.830      1.4918     3.03533     34.8670
   274.030     276.289      1.4958     3.03581     34.8685
   274.487     276.750      1.5015     3.03638     34.8690
   274.942     277.209      1.5082     3.03718     34.8716
   275.393     277.664      1.5145     3.03799     34.8746
   275.844     278.119      1.5197     3.03857     34.8759
   276.300     278.579      1.5216     3.03886     34.8773
   276.758     279.041      1.5223     3.03899     34.8778
   277.216     279.503      1.5223     3.03902     34.8780
   277.671     279.962      1.5228     3.03902     34.8772
   278.126     280.421      1.5230     3.03902     34.8767
   278.581     280.880      1.5223     3.03906     34.8776
   279.035     281.338      1.5223     3.03914     34.8785
   279.486     281.793      1.5251     3.03940     34.8784
   279.937     282.248      1.5308     3.03991     34.8783
   280.391     282.706      1.5334     3.04037     34.8809
   280.849     283.168      1.5369     3.04081     34.8824
   281.309     283.632      1.5431     3.04144     34.8832
   281.768     284.096      1.5464     3.04192     34.8855
   282.227     284.559      1.5485     3.04217     34.8860
   282.686     285.022      1.5530     3.04259     34.8861
   283.142     285.482      1.5584     3.04320     34.8877
   283.598     285.942      1.5612     3.04357     34.8890
   284.052     286.400      1.5608     3.04369     34.8907
   284.509     286.861      1.5634     3.04398     34.8912
   284.966     287.322      1.5688     3.04445     34.8908
   285.423     287.783      1.5700     3.04477     34.8933
   285.880     288.244      1.5716     3.04490     34.8930
   286.337     288.705      1.5735     3.04499     34.8917
   286.793     289.165      1.5737     3.04506     34.8921
   287.247     289.624      1.5735     3.04509     34.8925
   287.700     290.081      1.5742     3.04509     34.8914
   288.153     290.538      1.5732     3.04508     34.8922
   288.606     290.995      1.5728     3.04512     34.8928
   289.062     291.455      1.5732     3.04519     34.8930
   289.522     291.919      1.5718     3.04518     34.8942
   289.984     292.385      1.5718     3.04510     34.8929
   290.445     292.850      1.5723     3.04506     34.8916
   290.905     293.314      1.5725     3.04505     34.8910
   291.365     293.778      1.5713     3.04505     34.8919
   291.822     294.240      1.5706     3.04504     34.8924
   292.278     294.700      1.5706     3.04504     34.8921
   292.732     295.158      1.5706     3.04503     34.8918
   293.186     295.616      1.5706     3.04503     34.8915
   293.641     296.075      1.5701     3.04503     34.8917
   294.095     296.533      1.5699     3.04502     34.8916
   294.550     296.992      1.5706     3.04502     34.8906
   295.003     297.449      1.5701     3.04502     34.8909
   295.457     297.907      1.5694     3.04506     34.8918
   295.913     298.367      1.5694     3.04513     34.8925
   296.371     298.829      1.5689     3.04517     34.8933
   296.830     299.292      1.5687     3.04517     34.8932
   297.288     299.755      1.5694     3.04517     34.8922
   297.748     300.219      1.5699     3.04517     34.8914
   298.207     300.682      1.5701     3.04517     34.8909
   298.660     301.139      1.5694     3.04517     34.8914
   299.112     301.595      1.5694     3.04517     34.8911
   299.563     302.050      1.5694     3.04517     34.8908
   300.017     302.508      1.5689     3.04517     34.8911
   300.472     302.967      1.5687     3.04521     34.8916
   300.928     303.427      1.5689     3.04528     34.8920
   301.384     303.887      1.5687     3.04531     34.8924
   301.838     304.346      1.5684     3.04527     34.8919
   302.293     304.805      1.5670     3.04515     34.8917
   302.747     305.263      1.5665     3.04503     34.8905
   303.198     305.718      1.5644     3.04494     34.8914
   303.649     306.173      1.5623     3.04486     34.8923
   304.100     306.628      1.5623     3.04481     34.8915
   304.551     307.083      1.5623     3.04477     34.8907
   305.002     307.538      1.5613     3.04473     34.8911
   305.456     307.996      1.5604     3.04477     34.8923
   305.912     308.456      1.5606     3.04480     34.8922
   306.369     308.917      1.5599     3.04476     34.8922
   306.826     309.379      1.5599     3.04469     34.8910
   307.284     309.841      1.5599     3.04465     34.8902
   307.742     310.303      1.5599     3.04464     34.8899
   308.200     310.765      1.5599     3.04464     34.8896
   308.655     311.224      1.5594     3.04464     34.8900
   309.106     311.679      1.5587     3.04465     34.8905
   309.557     312.134      1.5597     3.04474     34.8904
   310.009     312.590      1.5630     3.04503     34.8900
   310.462     313.047      1.5658     3.04534     34.8906
   310.913     313.503      1.5653     3.04548     34.8927
   311.365     313.959      1.5656     3.04557     34.8933
   311.814     314.412      1.5679     3.04577     34.8930
   312.263     314.865      1.5693     3.04597     34.8937
   312.713     315.319      1.5689     3.04605     34.8950
   313.162     315.772      1.5686     3.04606     34.8951
   313.612     316.226      1.5689     3.04606     34.8945
   314.064     316.682      1.5682     3.04602     34.8945
   314.517     317.139      1.5677     3.04598     34.8943
   314.971     317.597      1.5670     3.04597     34.8946
   315.425     318.055      1.5665     3.04592     34.8944
   315.877     318.512      1.5653     3.04584     34.8944
   316.329     318.968      1.5641     3.04576     34.8944
   316.778     319.421      1.5629     3.04567     34.8944
   317.224     319.871      1.5618     3.04559     34.8943
   317.668     320.319      1.5606     3.04550     34.8943
   318.113     320.768      1.5594     3.04542     34.8942
   318.562     321.221      1.5587     3.04529     34.8932
   319.015     321.678      1.5582     3.04518     34.8920
   319.471     322.138      1.5566     3.04513     34.8929
   319.927     322.598      1.5547     3.04512     34.8946
   320.381     323.056      1.5545     3.04508     34.8940
   320.833     323.513      1.5542     3.04500     34.8932
   321.283     323.967      1.5523     3.04495     34.8944
   321.730     324.418      1.5521     3.04492     34.8939
   322.175     324.867      1.5538     3.04494     34.8920
   322.620     325.316      1.5552     3.04510     34.8923
   323.069     325.769      1.5566     3.04542     34.8945
   323.521     326.225      1.5587     3.04573     34.8959
   323.971     326.679      1.5592     3.04582     34.8962
   324.418     327.130      1.5585     3.04576     34.8959
   324.866     327.582      1.5563     3.04567     34.8970
   325.314     328.034      1.5563     3.04563     34.8962
   325.761     328.486      1.5554     3.04558     34.8963
   326.211     328.940      1.5540     3.04546     34.8961
   326.664     329.397      1.5530     3.04533     34.8953
   327.116     329.853      1.5507     3.04520     34.8959
   327.564     330.305      1.5483     3.04500     34.8957
   328.011     330.756      1.5459     3.04483     34.8960
   328.458     331.207      1.5445     3.04474     34.8961
   328.908     331.661      1.5431     3.04461     34.8958
   329.358     332.115      1.5405     3.04445     34.8963
   329.808     332.570      1.5398     3.04429     34.8948
   330.258     333.024      1.5384     3.04416     34.8945
   330.706     333.476      1.5358     3.04407     34.8959
   331.154     333.928      1.5346     3.04395     34.8955
   331.605     334.383      1.5339     3.04383     34.8945
   332.058     334.840      1.5334     3.04379     34.8943
   332.509     335.295      1.5327     3.04379     34.8947
   332.962     335.752      1.5313     3.04378     34.8959
   333.415     336.210      1.5292     3.04373     34.8974
   333.867     336.666      1.5297     3.04365     34.8956
   334.316     337.119      1.5290     3.04349     34.8940
   334.763     337.570      1.5244     3.04320     34.8952
   335.209     338.020      1.5204     3.04295     34.8962
   335.657     338.472      1.5192     3.04278     34.8950
   336.106     338.925      1.5171     3.04257     34.8945
   336.554     339.377      1.5140     3.04232     34.8945
   337.000     339.827      1.5121     3.04208     34.8932
   337.445     340.276      1.5090     3.04182     34.8932
   337.889     340.725      1.5041     3.04157     34.8952
   338.334     341.174      1.5015     3.04137     34.8952
   338.778     341.622      1.5003     3.04124     34.8946
   339.223     342.071      1.4987     3.04110     34.8944
   339.668     342.520      1.4954     3.04089     34.8951
   340.113     342.969      1.4916     3.04052     34.8944
   340.559     343.419      1.4878     3.04009     34.8928
   341.005     343.869      1.4838     3.03979     34.8932
   341.452     344.320      1.4817     3.03957     34.8924
   341.902     344.774      1.4781     3.03928     34.8925
   342.349     345.226      1.4755     3.03900     34.8916
   342.796     345.677      1.4734     3.03880     34.8910
   343.243     346.128      1.4708     3.03866     34.8920
   343.691     346.580      1.4682     3.03852     34.8928
   344.137     347.030      1.4639     3.03824     34.8937
   344.586     347.483      1.4613     3.03789     34.8918
   345.035     347.936      1.4587     3.03763     34.8912
   345.483     348.388      1.4540     3.03737     34.8928
   345.928     348.838      1.4502     3.03705     34.8927
   346.375     349.289      1.4483     3.03681     34.8915
   346.821     349.739      1.4466     3.03668     34.8915
   347.267     350.189      1.4452     3.03659     34.8917
   347.713     350.639      1.4438     3.03648     34.8915
   348.159     351.089      1.4412     3.03635     34.8925
   348.606     351.540      1.4400     3.03622     34.8919
   349.055     351.993      1.4379     3.03594     34.8904
   349.503     352.446      1.4338     3.03558     34.8902
   349.951     352.898      1.4300     3.03537     34.8914
   350.399     353.350      1.4286     3.03523     34.8910
   350.846     353.801      1.4267     3.03504     34.8903
   351.293     354.252      1.4229     3.03483     34.8916
   351.741     354.704      1.4206     3.03466     34.8918
   352.187     355.154      1.4187     3.03450     34.8915
   352.630     355.601      1.4170     3.03429     34.8905
   353.071     356.047      1.4146     3.03406     34.8900
   353.514     356.494      1.4123     3.03389     34.8901
   353.958     356.942      1.4095     3.03375     34.8912
   354.403     357.391      1.4068     3.03355     34.8914
   354.849     357.841      1.4047     3.03335     34.8910
   355.297     358.293      1.4021     3.03319     34.8915
   355.747     358.747      1.4009     3.03308     34.8911
   356.199     359.203      1.4002     3.03308     34.8916
   356.654     359.663      1.4002     3.03315     34.8923
   357.111     360.124      1.4002     3.03316     34.8921
   357.567     360.584      1.3997     3.03308     34.8915
   358.020     361.041      1.3986     3.03301     34.8914
   358.470     361.496      1.3965     3.03293     34.8925
   358.919     361.949      1.3953     3.03288     34.8930
   359.368     362.402      1.3953     3.03284     34.8922
   359.816     362.854      1.3931     3.03276     34.8934
   360.263     363.305      1.3921     3.03267     34.8931
   360.711     363.757      1.3898     3.03252     34.8934
   361.159     364.209      1.3884     3.03237     34.8928
   361.605     364.660      1.3884     3.03236     34.8925
   362.049     365.108      1.3884     3.03240     34.8927
   362.491     365.554      1.3884     3.03241     34.8925
   362.935     366.002      1.3879     3.03241     34.8928
   363.380     366.451      1.3862     3.03236     34.8938
   363.825     366.900      1.3843     3.03224     34.8942
   364.266     367.345      1.3831     3.03213     34.8938
   364.708     367.791      1.3820     3.03208     34.8942
   365.150     368.238      1.3813     3.03204     34.8941
   365.594     368.686      1.3799     3.03192     34.8939
   366.041     369.137      1.3772     3.03175     34.8946
   366.488     369.588      1.3765     3.03165     34.8937
   366.936     370.040      1.3775     3.03174     34.8935
   367.383     370.491      1.3779     3.03200     34.8962
   367.830     370.943      1.3770     3.03220     34.8995
   368.278     371.395      1.3782     3.03231     34.8992
   368.727     371.848      1.3794     3.03243     34.8992
   369.174     372.299      1.3805     3.03256     34.8993
   369.622     372.751      1.3812     3.03260     34.8988
   370.072     373.205      1.3803     3.03260     34.8996
   370.518     373.656      1.3789     3.03256     34.9003
   370.962     374.104      1.3784     3.03248     34.8996
   371.407     374.553      1.3777     3.03240     34.8991
   371.852     375.002      1.3758     3.03227     34.8993
   372.297     375.451      1.3734     3.03211     34.8996
   372.742     375.900      1.3727     3.03194     34.8981
   373.187     376.350      1.3701     3.03179     34.8987
   373.634     376.801      1.3684     3.03176     34.8999
   374.080     377.251      1.3684     3.03195     34.9021
   374.523     377.698      1.3720     3.03224     34.9016
   374.965     378.144      1.3755     3.03255     34.9014
   375.409     378.592      1.3786     3.03296     34.9029
   375.854     379.042      1.3810     3.03336     34.9051
   376.299     379.491      1.3824     3.03361     34.9064
   376.739     379.935      1.3829     3.03370     34.9068
   377.176     380.376      1.3831     3.03367     34.9059
   377.611     380.815      1.3819     3.03358     34.9058
   378.047     381.255      1.3798     3.03341     34.9057
   378.485     381.697      1.3763     3.03316     34.9063
   378.922     382.138      1.3741     3.03296     34.9058
   379.359     382.579      1.3731     3.03283     34.9050
   379.798     383.022      1.3712     3.03274     34.9057
   380.239     383.468      1.3701     3.03262     34.9051
   380.683     383.916      1.3689     3.03249     34.9046
   381.127     384.364      1.3672     3.03240     34.9051
   381.570     384.811      1.3658     3.03228     34.9049
   382.012     385.257      1.3648     3.03216     34.9041
   382.455     385.704      1.3620     3.03202     34.9052
   382.896     386.150      1.3589     3.03177     34.9053
   383.337     386.595      1.3561     3.03149     34.9045
   383.778     387.040      1.3539     3.03128     34.9041
   384.218     387.484      1.3530     3.03116     34.9032
   384.658     387.928      1.3521     3.03111     34.9034
   385.097     388.371      1.3518     3.03111     34.9034
   385.534     388.812      1.3499     3.03101     34.9040
   385.970     389.252      1.3473     3.03073     34.9031
   386.406     389.693      1.3431     3.03037     34.9029
   386.845     390.136      1.3395     3.03011     34.9033
   387.282     390.577      1.3359     3.02984     34.9036
   387.718     391.017      1.3319     3.02944     34.9026
   388.152     391.455      1.3271     3.02903     34.9025
   388.587     391.894      1.3229     3.02872     34.9029
   389.022     392.333      1.3174     3.02832     34.9038
   389.459     392.774      1.3100     3.02771     34.9039
   389.896     393.215      1.3032     3.02702     34.9024
   390.332     393.656      1.2972     3.02649     34.9020
   390.770     394.098      1.2944     3.02619     34.9011
   391.207     394.539      1.2923     3.02605     34.9014
   391.643     394.979      1.2913     3.02593     34.9007
   392.078     395.418      1.2894     3.02577     34.9005
   392.514     395.858      1.2873     3.02561     34.9005
   392.954     396.302      1.2837     3.02544     34.9021
   393.398     396.750      1.2811     3.02528     34.9027
   393.843     397.200      1.2813     3.02512     34.9001
   394.294     397.655      1.2818     3.02491     34.8967
   394.750     398.115      1.2790     3.02463     34.8960
   395.211     398.581      1.2773     3.02436     34.8941
   395.681     399.055      1.2770     3.02420     34.8921
   396.158     399.537      1.2742     3.02411     34.8938
   396.641     400.024      1.2716     3.02403     34.8954
   397.130     400.518      1.2704     3.02402     34.8964
   397.625     401.017      1.2702     3.02439     34.9010
   398.124     401.521      1.2718     3.02507     34.9076
   398.626     402.028      1.2746     3.02536     34.9079
   399.132     402.539      1.2768     3.02521     34.9033
   399.642     403.053      1.2758     3.02502     34.9016
   400.152     403.568      1.2749     3.02489     34.9007
   400.662     404.083      1.2751     3.02480     34.8990
   401.172     404.598      1.2730     3.02463     34.8989
   401.684     405.115      1.2699     3.02440     34.8990
   402.194     405.630      1.2680     3.02419     34.8982
   402.702     406.142      1.2659     3.02398     34.8975
   403.208     406.653      1.2637     3.02373     34.8965
   403.714     407.164      1.2632     3.02349     34.8937
   404.219     407.674      1.2611     3.02324     34.8926
   404.720     408.180      1.2576     3.02303     34.8935
   405.218     408.682      1.2540     3.02285     34.8949
   405.711     409.180      1.2509     3.02259     34.8947
   406.206     409.680      1.2476     3.02220     34.8931
   406.702     410.180      1.2438     3.02184     34.8925
   407.198     410.681      1.2414     3.02171     34.8932
   407.696     411.184      1.2395     3.02174     34.8953
   408.197     411.690      1.2378     3.02176     34.8972
   408.701     412.198      1.2359     3.02163     34.8974
   409.204     412.706      1.2352     3.02132     34.8939
   409.709     413.216      1.2328     3.02098     34.8919
   410.213     413.725      1.2288     3.02081     34.8939
   410.716     414.233      1.2281     3.02088     34.8953
   411.218     414.739      1.2271     3.02104     34.8981
   411.721     415.247      1.2267     3.02119     34.9003
   412.224     415.755      1.2271     3.02123     34.9000
   412.727     416.263      1.2257     3.02100     34.8983
   413.227     416.768      1.2238     3.02066     34.8957
   413.726     417.271      1.2205     3.02045     34.8965
   414.224     417.774      1.2188     3.02044     34.8979
   414.722     418.277      1.2174     3.02050     34.9000
   415.219     418.779      1.2174     3.02046     34.8992
   415.720     419.284      1.2164     3.02027     34.8975
   416.222     419.791      1.2140     3.02002     34.8967
   416.725     420.299      1.2114     3.01973     34.8957
   417.228     420.807      1.2082     3.01947     34.8955
   417.733     421.317      1.2050     3.01929     34.8966
   418.237     421.825      1.2022     3.01918     34.8979
   418.741     422.334      1.2008     3.01910     34.8981
   419.244     422.842      1.2008     3.01903     34.8970
   419.747     423.350      1.1994     3.01891     34.8967
   420.247     423.855      1.1958     3.01874     34.8983
   420.750     424.362      1.1932     3.01861     34.8992
   421.253     424.870      1.1915     3.01844     34.8987
   421.756     425.378      1.1896     3.01822     34.8976
   422.256     425.883      1.1875     3.01809     34.8980
   422.754     426.386      1.1844     3.01807     34.9009
   423.250     426.886      1.1825     3.01797     34.9015
   423.744     427.385      1.1818     3.01766     34.8980
   424.239     427.885      1.1799     3.01724     34.8944
   424.737     428.388      1.1756     3.01699     34.8957
   425.239     428.894      1.1730     3.01697     34.8981
   425.739     429.399      1.1718     3.01704     34.9000
   426.236     429.901      1.1692     3.01703     34.9025
   426.732     430.402      1.1668     3.01687     34.9028
   427.226     430.901      1.1666     3.01664     34.8998
   427.722     431.401      1.1647     3.01644     34.8991
   428.215     431.899      1.1635     3.01632     34.8986
   428.710     432.399      1.1623     3.01628     34.8992
   429.205     432.899      1.1611     3.01632     34.9007
   429.700     433.398      1.1604     3.01639     34.9020
   430.192     433.895      1.1599     3.01635     34.9018
   430.685     434.393      1.1592     3.01620     34.9004
   431.179     434.892      1.1583     3.01608     34.8996
   431.678     435.395      1.1569     3.01596     34.8992
   432.180     435.902      1.1555     3.01580     34.8985
   432.684     436.411      1.1538     3.01568     34.8985
   433.188     436.920      1.1526     3.01563     34.8990
   433.691     437.428      1.1497     3.01558     34.9012
   434.193     437.935      1.1483     3.01542     34.9004
   434.696     438.442      1.1462     3.01522     34.9000
   435.201     438.952      1.1457     3.01510     34.8987
   435.705     439.461      1.1450     3.01502     34.8981
   436.207     439.968      1.1440     3.01498     34.8985
   436.708     440.474      1.1426     3.01501     34.9001
   437.209     440.980      1.1417     3.01499     34.9006
   437.713     441.488      1.1393     3.01475     34.8998
   438.214     441.994      1.1374     3.01431     34.8960
   438.713     442.498      1.1343     3.01378     34.8924
   439.209     442.999      1.1279     3.01329     34.8930
   439.704     443.499      1.1222     3.01299     34.8952
   440.199     443.998      1.1196     3.01287     34.8962
   440.692     444.496      1.1175     3.01289     34.8985
   441.186     444.995      1.1143     3.01290     34.9019
   441.680     445.494      1.1119     3.01263     34.9008
   442.173     445.992      1.1091     3.01224     34.8987
   442.664     446.487      1.1060     3.01194     34.8981
   443.153     446.981      1.1041     3.01171     34.8968
   443.644     447.477      1.1029     3.01159     34.8964
   444.135     447.973      1.1003     3.01160     34.8992
   444.624     448.466      1.0975     3.01155     34.9013
   445.110     448.957      1.0970     3.01131     34.8985
   445.595     449.447      1.0953     3.01091     34.8950
   446.081     449.937      1.0925     3.01043     34.8917
   446.567     450.428      1.0889     3.01003     34.8903
   447.056     450.922      1.0858     3.00982     34.8907
   447.547     451.418      1.0834     3.00976     34.8923
   448.041     451.916      1.0815     3.00967     34.8930
   448.537     452.417      1.0799     3.00951     34.8925
   449.036     452.921      1.0780     3.00936     34.8923
   449.537     453.427      1.0763     3.00924     34.8924
   450.039     453.934      1.0744     3.00919     34.8936
   450.545     454.445      1.0727     3.00914     34.8946
   451.056     454.961      1.0703     3.00901     34.8953
   451.570     455.480      1.0685     3.00873     34.8934
   452.085     456.000      1.0664     3.00839     34.8910
   452.602     456.522      1.0632     3.00817     34.8915
   453.119     457.044      1.0618     3.00804     34.8911
   453.634     457.564      1.0604     3.00788     34.8903
   454.150     458.085      1.0578     3.00771     34.8907
   454.667     458.607      1.0557     3.00750     34.8900
   455.183     459.128      1.0525     3.00722     34.8897
   455.696     459.646      1.0501     3.00693     34.8884
   456.209     460.164      1.0473     3.00672     34.8885
   456.723     460.683      1.0442     3.00655     34.8895
   457.238     461.203      1.0418     3.00635     34.8892
   457.752     461.722      1.0394     3.00615     34.8890
   458.266     462.241      1.0375     3.00602     34.8892
   458.783     462.763      1.0359     3.00590     34.8891
   459.303     463.288      1.0331     3.00573     34.8898
   459.823     463.813      1.0304     3.00556     34.8904
   460.343     464.338      1.0287     3.00540     34.8898
   460.865     464.865      1.0263     3.00515     34.8890
   461.387     465.392      1.0235     3.00483     34.8877
   461.906     465.916      1.0195     3.00458     34.8887
   462.424     466.439      1.0161     3.00441     34.8899
   462.942     466.962      1.0149     3.00425     34.8889
   463.464     467.489      1.0137     3.00408     34.8878
   463.985     468.016      1.0121     3.00392     34.8872
   464.504     468.540      1.0093     3.00371     34.8873
   465.022     469.063      1.0057     3.00347     34.8879
   465.542     469.588      1.0021     3.00322     34.8884
   466.065     470.116      0.9985     3.00297     34.8889
   466.589     470.645      0.9969     3.00272     34.8872
   467.112     471.173      0.9957     3.00248     34.8851
   467.634     471.700      0.9918     3.00223     34.8860
   468.158     472.229      0.9894     3.00198     34.8852
   468.682     472.758      0.9870     3.00174     34.8844
   469.205     473.287      0.9847     3.00150     34.8836
   469.729     473.816      0.9823     3.00134     34.8839
   470.253     474.345      0.9799     3.00134     34.8862
   470.776     474.873      0.9785     3.00145     34.8890
   471.298     475.400      0.9790     3.00158     34.8897
   471.823     475.930      0.9792     3.00167     34.8903
   472.347     476.459      0.9780     3.00170     34.8918
   472.869     476.987      0.9763     3.00162     34.8923
   473.394     477.517      0.9740     3.00134     34.8909
   473.922     478.050      0.9721     3.00094     34.8877
   474.447     478.580      0.9700     3.00062     34.8856
   474.970     479.108      0.9668     3.00041     34.8861
   475.493     479.636      0.9640     3.00027     34.8871
   476.017     480.165      0.9609     3.00009     34.8880
   476.537     480.691      0.9595     2.99978     34.8852
   477.058     481.217      0.9590     2.99947     34.8815
   477.579     481.743      0.9567     2.99928     34.8813
   478.100     482.269      0.9527     2.99904     34.8824
   478.621     482.795      0.9487     2.99860     34.8808
   479.140     483.319      0.9439     2.99806     34.8790
   479.657     483.841      0.9390     2.99761     34.8784
   480.170     484.359      0.9339     2.99734     34.8802
   480.680     484.874      0.9286     2.99715     34.8835
   481.186     485.385      0.9267     2.99694     34.8825
   481.690     485.894      0.9232     2.99660     34.8818
   482.197     486.406      0.9184     2.99612     34.8806
   482.705     486.919      0.9153     2.99560     34.8772
   483.214     487.433      0.9098     2.99523     34.8782
   483.724     487.948      0.9055     2.99506     34.8805
   484.236     488.465      0.9029     2.99505     34.8830
   484.748     488.982      0.9012     2.99508     34.8849
   485.261     489.500      0.8998     2.99500     34.8852
   485.771     490.015      0.8988     2.99480     34.8834
   486.279     490.529      0.8950     2.99447     34.8832
   486.789     491.044      0.8900     2.99408     34.8834
   487.296     491.556      0.8864     2.99385     34.8841
   487.802     492.067      0.8847     2.99391     34.8865
   488.308     492.578      0.8840     2.99405     34.8888
   488.811     493.086      0.8804     2.99401     34.8920
   489.313     493.592      0.8788     2.99382     34.8911
   489.814     494.098      0.8785     2.99360     34.8882
   490.318     494.607      0.8766     2.99344     34.8880
   490.827     495.121      0.8764     2.99344     34.8880
   491.341     495.641      0.8761     2.99356     34.8895
   491.860     496.165      0.8747     2.99368     34.8923
   492.385     496.695      0.8742     2.99372     34.8931
   492.920     497.235      0.8740     2.99368     34.8925
   493.460     497.781      0.8733     2.99348     34.8904
   493.995     498.321      0.8697     2.99321     34.8906
   494.518     498.849      0.8665     2.99304     34.8917
   495.033     499.369      0.8651     2.99292     34.8914
   495.537     499.878      0.8646     2.99289     34.8912
   496.034     500.380      0.8629     2.99295     34.8936
   496.528     500.879      0.8610     2.99290     34.8949
   497.018     501.374      0.8598     2.99275     34.8940
   497.502     501.863      0.8586     2.99255     34.8924
   497.981     502.346      0.8574     2.99231     34.8904
   498.460     502.830      0.8557     2.99206     34.8888
   498.941     503.316      0.8538     2.99181     34.8875
   499.426     503.806      0.8526     2.99157     34.8853
   499.917     504.302      0.8500     2.99133     34.8849
   500.415     504.805      0.8462     2.99116     34.8866
   500.920     505.315      0.8443     2.99106     34.8872
   501.429     505.829      0.8422     2.99089     34.8871
   501.943     506.348      0.8390     2.99061     34.8867
   502.460     506.870      0.8371     2.99028     34.8843
   502.977     507.392      0.8350     2.98991     34.8816
   503.496     507.916      0.8314     2.98956     34.8807
   504.014     508.439      0.8278     2.98935     34.8817
   504.531     508.962      0.8246     2.98933     34.8848
   505.046     509.482      0.8223     2.98936     34.8874
   505.560     510.001      0.8209     2.98933     34.8883
   506.077     510.523      0.8208     2.98930     34.8877
   506.595     511.046      0.8199     2.98930     34.8884
   507.111     511.567      0.8180     2.98930     34.8902
   507.626     512.087      0.8168     2.98930     34.8913
   508.141     512.608      0.8156     2.98930     34.8924
   508.656     513.128      0.8154     2.98931     34.8923
   509.169     513.646      0.8151     2.98931     34.8924
   509.680     514.162      0.8137     2.98930     34.8936
   510.186     514.673      0.8137     2.98922     34.8922
   510.688     515.180      0.8132     2.98899     34.8894
   511.189     515.686      0.8106     2.98871     34.8885
   511.688     516.190      0.8063     2.98853     34.8907
   512.185     516.692      0.8031     2.98840     34.8923
   512.675     517.187      0.8012     2.98829     34.8927
   513.159     517.676      0.8010     2.98829     34.8926
   513.642     518.163      0.8007     2.98832     34.8930
   514.124     518.650      0.7993     2.98823     34.8932
   514.605     519.136      0.7983     2.98800     34.8910
   515.084     519.620      0.7959     2.98772     34.8899
   515.562     520.103      0.7931     2.98756     34.8906
   516.042     520.587      0.7904     2.98751     34.8927
   516.521     521.071      0.7897     2.98754     34.8937
   516.999     521.554      0.7892     2.98758     34.8944
   517.476     522.036      0.7885     2.98750     34.8939
   517.952     522.517      0.7875     2.98735     34.8928
   518.428     522.997      0.7856     2.98723     34.8931
   518.903     523.477      0.7844     2.98718     34.8935
   519.378     523.957      0.7832     2.98714     34.8940
   519.849     524.433      0.7830     2.98707     34.8930
   520.322     524.910      0.7827     2.98703     34.8926
   520.796     525.389      0.7808     2.98702     34.8943
   521.270     525.868      0.7796     2.98697     34.8948
   521.744     526.347      0.7789     2.98681     34.8932
   522.221     526.828      0.7780     2.98658     34.8909
   522.701     527.313      0.7761     2.98638     34.8902
   523.185     527.802      0.7744     2.98625     34.8902
   523.670     528.292      0.7725     2.98620     34.8914
   524.154     528.781      0.7713     2.98620     34.8924
   524.640     529.272      0.7692     2.98620     34.8944
   525.125     529.762      0.7675     2.98620     34.8961
   525.610     530.251      0.7677     2.98620     34.8956
   526.095     530.741      0.7670     2.98620     34.8961
   526.581     531.232      0.7665     2.98616     34.8959
   527.070     531.726      0.7658     2.98609     34.8954
   527.562     532.223      0.7658     2.98605     34.8946
   528.054     532.720      0.7658     2.98601     34.8938
   528.544     533.215      0.7648     2.98593     34.8936
   529.036     533.712      0.7634     2.98584     34.8937
   529.528     534.209      0.7624     2.98571     34.8929
   530.018     534.704      0.7600     2.98547     34.8921
   530.505     535.196      0.7572     2.98520     34.8914
   530.991     535.687      0.7545     2.98507     34.8925
   531.476     536.177      0.7533     2.98505     34.8934
   531.958     536.663      0.7526     2.98506     34.8939
   532.437     537.147      0.7526     2.98506     34.8937
   532.915     537.630      0.7512     2.98505     34.8949
   533.393     538.113      0.7490     2.98496     34.8959
   533.871     538.596      0.7490     2.98477     34.8932
   534.351     539.081      0.7466     2.98456     34.8929
   534.834     539.568      0.7416     2.98434     34.8953
   535.318     540.057      0.7389     2.98407     34.8945
   535.799     540.543      0.7382     2.98388     34.8925
   536.280     541.029      0.7377     2.98390     34.8931
   536.763     541.517      0.7356     2.98396     34.8959
   537.248     542.007      0.7328     2.98384     34.8972
   537.731     542.495      0.7312     2.98358     34.8953
   538.211     542.980      0.7296     2.98329     34.8932
   538.690     543.463      0.7267     2.98302     34.8926
   539.167     543.945      0.7238     2.98282     34.8930
   539.644     544.427      0.7228     2.98275     34.8929
   540.119     544.907      0.7219     2.98278     34.8940
   540.591     545.384      0.7216     2.98282     34.8946
   541.062     545.859      0.7202     2.98278     34.8954
   541.531     546.333      0.7202     2.98266     34.8936
   542.004     546.811      0.7197     2.98256     34.8925
   542.483     547.295      0.7181     2.98255     34.8939
   542.964     547.781      0.7172     2.98257     34.8950
   543.450     548.272      0.7169     2.98250     34.8941
   543.940     548.767      0.7160     2.98239     34.8934
   544.431     549.263      0.7162     2.98239     34.8929
   544.922     549.759      0.7150     2.98242     34.8944
   545.415     550.257      0.7143     2.98243     34.8949
   545.909     550.756      0.7143     2.98243     34.8946
   546.403     551.255      0.7138     2.98239     34.8944
   546.896     551.753      0.7131     2.98231     34.8939
   547.389     552.251      0.7126     2.98228     34.8937
   547.883     552.750      0.7114     2.98227     34.8947
   548.374     553.246      0.7107     2.98228     34.8952
   548.863     553.740      0.7107     2.98231     34.8954
   549.351     554.233      0.7107     2.98231     34.8950
   549.839     554.726      0.7097     2.98215     34.8939
   550.328     555.220      0.7073     2.98195     34.8937
   550.819     555.716      0.7054     2.98179     34.8934
   551.308     556.210      0.7037     2.98167     34.8934
   551.796     556.702      0.7018     2.98162     34.8947
   552.282     557.193      0.7006     2.98161     34.8956
   552.767     557.683      0.6994     2.98156     34.8960
   553.249     558.170      0.6982     2.98140     34.8950
   553.729     558.655      0.6961     2.98116     34.8940
   554.209     559.140      0.6944     2.98096     34.8930
   554.689     559.625      0.6937     2.98084     34.8919
   555.168     560.109      0.6915     2.98079     34.8935
   555.645     560.591      0.6910     2.98078     34.8937
   556.121     561.072      0.6893     2.98074     34.8947
   556.596     561.551      0.6879     2.98062     34.8944
   557.071     562.031      0.6869     2.98046     34.8932
   557.546     562.511      0.6845     2.98028     34.8934
   558.023     562.993      0.6812     2.98007     34.8940
   558.499     563.474      0.6778     2.97979     34.8939
   558.973     563.953      0.6761     2.97951     34.8920
   559.448     564.432      0.6737     2.97939     34.8927
   559.926     564.915      0.6723     2.97937     34.8937
   560.407     565.401      0.6709     2.97928     34.8939
   560.888     565.887      0.6682     2.97908     34.8940
   561.372     566.376      0.6670     2.97884     34.8920
   561.856     566.865      0.6653     2.97863     34.8909
   562.339     567.353      0.6625     2.97838     34.8905
   562.818     567.837      0.6593     2.97807     34.8898
   563.296     568.320      0.6569     2.97790     34.8901
   563.772     568.801      0.6555     2.97792     34.8916
   564.247     569.281      0.6545     2.97791     34.8923
   564.723     569.761      0.6526     2.97780     34.8927
   565.198     570.241      0.6509     2.97764     34.8923
   565.673     570.721      0.6490     2.97748     34.8920
   566.144     571.197      0.6473     2.97732     34.8916
   566.614     571.672      0.6455     2.97724     34.8923
   567.081     572.144      0.6443     2.97726     34.8936
   567.548     572.615      0.6431     2.97722     34.8941
   568.012     573.084      0.6414     2.97707     34.8938
   568.476     573.553      0.6400     2.97694     34.8935
   568.944     574.026      0.6395     2.97682     34.8922
   569.419     574.506      0.6388     2.97667     34.8907
   569.899     574.991      0.6383     2.97655     34.8895
   570.384     575.480      0.6371     2.97650     34.8899
   570.873     575.975      0.6359     2.97650     34.8909
   571.366     576.473      0.6347     2.97650     34.8919
   571.862     576.974      0.6340     2.97645     34.8918
   572.357     577.474      0.6335     2.97624     34.8894
   572.852     577.974      0.6309     2.97589     34.8875
   573.348     578.475      0.6270     2.97556     34.8873
   573.845     578.977      0.6242     2.97535     34.8874
   574.341     579.478      0.6206     2.97522     34.8895
   574.833     579.975      0.6184     2.97518     34.8911
   575.321     580.468      0.6179     2.97517     34.8913
   575.806     580.958      0.6167     2.97512     34.8917
   576.288     581.445      0.6146     2.97492     34.8912
   576.765     581.927      0.6114     2.97465     34.8909
   577.240     582.407      0.6086     2.97447     34.8915
   577.716     582.888      0.6050     2.97433     34.8935
   578.192     583.369      0.6023     2.97413     34.8936
   578.665     583.847      0.6016     2.97390     34.8911
   579.140     584.327      0.6006     2.97374     34.8899
   579.618     584.809      0.5992     2.97369     34.8905
   580.097     585.293      0.5978     2.97368     34.8917
   580.577     585.778      0.5951     2.97359     34.8933
   581.059     586.265      0.5930     2.97340     34.8928
   581.541     586.752      0.5913     2.97320     34.8919
   582.022     587.238      0.5920     2.97308     34.8893
   582.504     587.725      0.5910     2.97300     34.8890
   582.987     588.213      0.5886     2.97295     34.8908
   583.473     588.704      0.5862     2.97290     34.8925
   583.962     589.198      0.5834     2.97274     34.8933
   584.454     589.695      0.5807     2.97249     34.8928
   584.947     590.193      0.5786     2.97220     34.8911
   585.438     590.690      0.5754     2.97184     34.8897
   585.930     591.187      0.5735     2.97153     34.8875
   586.422     591.684      0.5718     2.97143     34.8879
   586.914     592.181      0.5694     2.97141     34.8900
   587.407     592.679      0.5670     2.97125     34.8903
   587.899     593.176      0.5642     2.97096     34.8895
   588.393     593.675      0.5610     2.97065     34.8886
   588.886     594.173      0.5586     2.97045     34.8884
   589.374     594.666      0.5572     2.97040     34.8891
   589.858     595.155      0.5562     2.97039     34.8899
   590.341     595.643      0.5552     2.97040     34.8907
   590.824     596.131      0.5555     2.97040     34.8902
   591.306     596.618      0.5542     2.97036     34.8908
   591.784     597.101      0.5530     2.97028     34.8908
   592.256     597.578      0.5518     2.97020     34.8908
   592.722     598.049      0.5516     2.97009     34.8893
   593.178     598.510      0.5513     2.97001     34.8885
   593.626     598.962      0.5499     2.97004     34.8901
   594.061     599.402      0.5489     2.96998     34.8902
   594.484     599.829      0.5451     2.96970     34.8905
   594.889     600.238      0.5401     2.96926     34.8902
   595.266     600.619      0.5365     2.96887     34.8889
   595.602     600.959      0.5329     2.96865     34.8899
   595.891     601.251      0.5302     2.96854     34.8913
   596.125     601.487      0.5309     2.96851     34.8900
   596.297     601.661      0.5331     2.96860     34.8887
   596.412     601.777      0.5326     2.96867     34.8901
   596.486     601.852      0.5319     2.96860     34.8899
   596.532     601.899      0.5314     2.96849     34.8891
   596.553     601.920      0.5302     2.96845     34.8899
