North Pole Environmental Observatory   ÑÑÑ   2001 Aerial CTD Survey
Cast 3         87deg 28.4' N _  90deg 50.2' W      4/ 9/2001 _ 2118 UTC

  Depth(m)  Pres(dbar)     Temp(degC)   Cond(S/m)    Sal(psu)
#
     1.704       1.722      -1.7233     2.48771     31.2619
     1.901       1.922      -1.7214     2.48960     31.2860
     2.197       2.221      -1.7202     2.49006     31.2908
     2.296       2.321      -1.7200     2.49033     31.2943
     2.296       2.321      -1.7190     2.49043     31.2946
     2.296       2.321      -1.7178     2.48979     31.2845
     2.296       2.321      -1.7186     2.48868     31.2700
     2.296       2.321      -1.7178     2.48735     31.2509
     2.494       2.521      -1.7167     2.48559     31.2253
     2.691       2.720      -1.7146     2.48378     31.1980
     2.691       2.720      -1.7141     2.48296     31.1862
     2.888       2.920      -1.7131     2.48246     31.1781
     2.987       3.019      -1.7101     2.48171     31.1646
     2.987       3.019      -1.7084     2.48130     31.1571
     2.987       3.019      -1.7092     2.48104     31.1544
     2.987       3.019      -1.7094     2.48078     31.1510
     2.987       3.019      -1.7084     2.48027     31.1430
     2.987       3.019      -1.7092     2.47955     31.1339
     2.987       3.019      -1.7076     2.47935     31.1294
     2.987       3.019      -1.7068     2.47955     31.1314
     2.987       3.019      -1.7064     2.47966     31.1325
     3.184       3.219      -1.7060     2.47959     31.1309
     3.579       3.618      -1.7040     2.47952     31.1277
     3.974       4.017      -1.7035     2.47952     31.1269
     4.369       4.416      -1.7054     2.47951     31.1285
     4.862       4.915      -1.7049     2.47951     31.1277
     5.356       5.414      -1.7047     2.47951     31.1272
     5.751       5.813      -1.7038     2.47952     31.1261
     6.145       6.212      -1.7054     2.47956     31.1281
     6.639       6.711      -1.7059     2.47962     31.1292
     6.935       7.010      -1.7041     2.47967     31.1278
     7.428       7.509      -1.7046     2.47967     31.1281
     7.823       7.908      -1.7038     2.47967     31.1270
     8.218       8.307      -1.7046     2.47967     31.1276
     8.712       8.806      -1.7038     2.47967     31.1265
     9.106       9.205      -1.7055     2.47967     31.1279
     9.501       9.604      -1.7050     2.47967     31.1272
     9.896      10.003      -1.7058     2.47971     31.1284
    10.291      10.402      -1.7041     2.47979     31.1274
    10.685      10.801      -1.7046     2.47982     31.1282
    11.179      11.300      -1.7038     2.47983     31.1271
    11.672      11.799      -1.7046     2.47982     31.1276
    12.067      12.198      -1.7048     2.47982     31.1275
    12.462      12.597      -1.7048     2.47979     31.1268
    12.561      12.697      -1.7038     2.47976     31.1253
    12.561      12.697      -1.7046     2.47979     31.1266
    12.561      12.697      -1.7048     2.47986     31.1278
    12.659      12.797      -1.7048     2.47989     31.1282
    13.054      13.196      -1.7058     2.47986     31.1286
    13.449      13.595      -1.7050     2.47983     31.1271
    13.844      13.994      -1.7048     2.47987     31.1271
    14.238      14.393      -1.7048     2.47994     31.1278
    14.633      14.792      -1.7039     2.47998     31.1272
    15.028      15.191      -1.7027     2.47999     31.1258
    15.423      15.590      -1.7035     2.47998     31.1264
    15.719      15.889      -1.7047     2.47998     31.1274
    16.114      16.289      -1.7049     2.47998     31.1274
    16.508      16.688      -1.7039     2.47998     31.1261
    17.002      17.186      -1.7056     2.47998     31.1276
    17.397      17.586      -1.7051     2.47998     31.1269
    17.791      17.985      -1.7049     2.48002     31.1269
    18.285      18.483      -1.7049     2.48005     31.1271
    18.581      18.783      -1.7049     2.48006     31.1270
    18.976      19.182      -1.7049     2.48009     31.1273
    19.469      19.681      -1.7049     2.48013     31.1274
    19.765      19.980      -1.7039     2.48014     31.1263
    20.259      20.479      -1.7047     2.48014     31.1269
    20.555      20.778      -1.7039     2.48018     31.1264
    21.147      21.377      -1.7002     2.48025     31.1232
    21.936      22.175      -1.6997     2.48029     31.1227
    22.627      22.873      -1.6977     2.48030     31.1204
    23.318      23.572      -1.6972     2.48030     31.1194
    24.108      24.370      -1.6988     2.48026     31.1201
    24.897      25.168      -1.6976     2.48023     31.1179
    25.687      25.966      -1.6971     2.48023     31.1169
    26.476      26.764      -1.6988     2.48023     31.1182
    27.266      27.562      -1.6980     2.48026     31.1174
    28.055      28.360      -1.6987     2.48026     31.1176
    28.845      29.159      -1.6977     2.48024     31.1157
    29.733      30.057      -1.6977     2.48027     31.1157
    30.621      30.954      -1.6979     2.48031     31.1159
    31.410      31.753      -1.6987     2.48035     31.1168
    32.397      32.750      -1.6977     2.48043     31.1162
    33.088      33.449      -1.6979     2.48047     31.1166
    33.976      34.347      -1.6986     2.48047     31.1169
    34.766      35.145      -1.6976     2.48052     31.1159
    35.555      35.943      -1.6976     2.48059     31.1164
    36.443      36.841      -1.6978     2.48063     31.1167
    37.233      37.639      -1.6986     2.48063     31.1171
    38.022      38.437      -1.6974     2.48063     31.1154
    38.910      39.335      -1.6969     2.48064     31.1144
    39.601      40.033      -1.6987     2.48067     31.1163
    40.489      40.931      -1.6985     2.48071     31.1161
    41.180      41.630      -1.6973     2.48072     31.1146
    42.068      42.527      -1.6965     2.48080     31.1143
    42.858      43.326      -1.6973     2.48091     31.1162
    43.746      44.224      -1.6965     2.48095     31.1154
    44.436      44.922      -1.6975     2.48096     31.1161
    45.127      45.620      -1.6976     2.48100     31.1164
    45.917      46.418      -1.6984     2.48108     31.1178
    46.805      47.316      -1.6976     2.48122     31.1184
    47.495      48.015      -1.6981     2.48198     31.1290
    48.186      48.713      -1.6948     2.48523     31.1698
    49.074      49.611      -1.6858     2.49472     31.2905
    49.864      50.409      -1.6649     2.51217     31.5082
    50.554      51.108      -1.6299     2.53053     31.7235
    51.245      51.806      -1.6114     2.54182     31.8587
    51.936      52.504      -1.6017     2.54752     31.9262
    52.725      53.302      -1.6054     2.55166     31.9869
    53.515      54.101      -1.6108     2.55572     32.0481
    54.107      54.699      -1.6197     2.55993     32.1153
    54.797      55.398      -1.6322     2.56387     32.1828
    55.587      56.196      -1.6467     2.56689     32.2397
    56.475      57.094      -1.6563     2.56933     32.2832
    57.264      57.892      -1.6566     2.57211     32.3215
    57.955      58.590      -1.6544     2.57477     32.3554
    58.547      59.189      -1.6560     2.57679     32.3846
    59.336      59.987      -1.6516     2.57829     32.4001
    60.027      60.685      -1.6476     2.57995     32.4182
    60.718      61.384      -1.6255     2.58287     32.4340
    61.507      62.182      -1.6152     2.58622     32.4685
    62.198      62.880      -1.6114     2.58912     32.5040
    62.987      63.678      -1.6116     2.59185     32.5414
    63.777      64.476      -1.6127     2.59427     32.5756
    64.467      65.175      -1.6153     2.59597     32.6014
    65.257      65.973      -1.6224     2.59709     32.6242
    66.046      66.771      -1.6240     2.59836     32.6431
    66.737      67.469      -1.6230     2.59999     32.6640
    67.329      68.068      -1.6230     2.60175     32.6880
    68.217      68.966      -1.6230     2.60360     32.7129
    68.907      69.664      -1.6230     2.60548     32.7385
    69.795      70.562      -1.6230     2.60735     32.7638
    70.486      71.261      -1.6235     2.60909     32.7879
    71.078      71.859      -1.6255     2.61080     32.8134
    71.769      72.558      -1.6276     2.61268     32.8413
    72.459      73.256      -1.6323     2.61473     32.8744
    73.051      73.855      -1.6328     2.61681     32.9034
    73.742      74.553      -1.6358     2.61849     32.9294
    74.334      75.152      -1.6440     2.61966     32.9543
    75.025      75.850      -1.6581     2.62115     32.9903
    75.715      76.548      -1.6561     2.62374     33.0234
    76.406      77.247      -1.6481     2.62649     33.0522
    76.998      77.845      -1.6458     2.62841     33.0758
    77.590      78.444      -1.6448     2.62972     33.0925
    78.182      79.042      -1.6491     2.63084     33.1124
    78.971      79.841      -1.6511     2.63202     33.1304
    79.464      80.339      -1.6528     2.63327     33.1493
    80.056      80.938      -1.6556     2.63451     33.1694
    80.648      81.537      -1.6556     2.63573     33.1859
    81.438      82.335      -1.6556     2.63688     33.2013
    81.931      82.834      -1.6558     2.63799     33.2166
    82.622      83.532      -1.6569     2.63913     33.2332
    83.115      84.031      -1.6577     2.64033     33.2503
    83.707      84.629      -1.6569     2.64135     33.2632
    84.496      85.428      -1.6578     2.64215     33.2748
    85.187      86.126      -1.6578     2.64314     33.2881
    85.779      86.725      -1.6573     2.64441     33.3047
    86.469      87.423      -1.6554     2.64562     33.3190
    87.259      88.221      -1.6561     2.64671     33.3344
    87.949      88.919      -1.6582     2.64790     33.3528
    88.738      89.718      -1.6547     2.64935     33.3685
    89.429      90.416      -1.6514     2.65090     33.3858
    90.120      91.114      -1.6490     2.65224     33.4012
    90.909      91.912      -1.6470     2.65325     33.4125
    91.599      92.611      -1.6466     2.65419     33.4247
    92.290      93.309      -1.6462     2.65513     33.4368
    92.981      94.008      -1.6473     2.65603     33.4500
    93.770      94.806      -1.6537     2.65691     33.4689
    94.460      95.504      -1.6581     2.65769     33.4843
    95.250      96.302      -1.6666     2.65820     33.5004
    95.842      96.901      -1.6757     2.65852     33.5148
    96.532      97.599      -1.6823     2.65898     33.5282
    97.321      98.397      -1.6825     2.65960     33.5365
    97.913      98.996      -1.6843     2.66014     33.5456
    98.604      99.694      -1.6897     2.66049     33.5562
    99.196     100.293      -1.6968     2.66078     33.5678
    99.985     101.091      -1.6996     2.66116     33.5758
   100.577     101.690      -1.7045     2.66159     33.5869
   101.267     102.388      -1.7094     2.66206     33.5985
   101.958     103.086      -1.7111     2.66261     33.6077
   102.649     103.785      -1.7144     2.66316     33.6187
   103.240     104.383      -1.7155     2.66380     33.6283
   103.832     104.982      -1.7139     2.66451     33.6360
   104.424     105.581      -1.7193     2.66517     33.6509
   105.115     106.279      -1.7223     2.66579     33.6626
   105.707     106.878      -1.7234     2.66635     33.6712
   106.496     107.676      -1.7244     2.66684     33.6787
   107.186     108.374      -1.7242     2.66745     33.6865
   107.877     109.072      -1.7225     2.66825     33.6952
   108.567     109.771      -1.7183     2.66921     33.7034
   109.159     110.369      -1.7102     2.67040     33.7104
   109.949     111.168      -1.7006     2.67168     33.7166
   110.639     111.866      -1.7009     2.67249     33.7279
   111.428     112.664      -1.7067     2.67279     33.7381
   112.119     113.362      -1.7109     2.67319     33.7480
   113.007     114.260      -1.7062     2.67425     33.7569
   113.796     115.058      -1.6923     2.67585     33.7628
   114.684     115.956      -1.6827     2.67711     33.7688
   115.374     116.655      -1.6850     2.67780     33.7805
   116.262     117.553      -1.6833     2.67850     33.7879
   116.952     118.251      -1.6819     2.67952     33.7999
   117.741     119.049      -1.6723     2.68074     33.8055
   118.531     119.847      -1.6657     2.68235     33.8198
   119.221     120.546      -1.6385     2.68493     33.8241
   120.109     121.444      -1.6164     2.68761     33.8357
   120.898     122.242      -1.6013     2.68967     33.8466
   121.687     123.040      -1.5922     2.69134     33.8588
   122.476     123.838      -1.5879     2.69225     33.8660
   123.167     124.536      -1.6004     2.69207     33.8773
   123.759     125.135      -1.6133     2.69176     33.8873
   124.646     126.033      -1.6159     2.69211     33.8946
   125.337     126.731      -1.6144     2.69287     33.9029
   126.027     127.430      -1.6123     2.69369     33.9116
   126.915     128.328      -1.6095     2.69462     33.9206
   127.507     128.926      -1.6011     2.69580     33.9271
   128.197     129.624      -1.5931     2.69748     33.9408
   128.986     130.423      -1.5726     2.69977     33.9486
   129.776     131.221      -1.5564     2.70189     33.9590
   130.466     131.919      -1.5461     2.70350     33.9690
   131.255     132.717      -1.5386     2.70477     33.9776
   132.044     133.515      -1.5370     2.70574     33.9888
   132.735     134.214      -1.5295     2.70683     33.9948
   133.524     135.012      -1.5238     2.70812     34.0057
   134.214     135.710      -1.5140     2.70959     34.0144
   135.003     136.508      -1.5023     2.71121     34.0230
   135.694     137.207      -1.4905     2.71292     34.0326
   136.384     137.905      -1.4785     2.71468     34.0429
   137.075     138.604      -1.4624     2.71700     34.0560
   137.864     139.402      -1.4348     2.71995     34.0648
   138.653     140.200      -1.4151     2.72231     34.0744
   139.442     140.998      -1.4023     2.72382     34.0800
   140.132     141.696      -1.3936     2.72516     34.0881
   140.724     142.295      -1.3850     2.72634     34.0943
   141.612     143.193      -1.3852     2.72670     34.0989
   142.203     143.791      -1.3882     2.72680     34.1033
   142.992     144.590      -1.3821     2.72751     34.1056
   143.683     145.288      -1.3813     2.72848     34.1176
   144.571     146.186      -1.3674     2.73009     34.1233
   145.261     146.884      -1.3496     2.73213     34.1306
   146.149     147.782      -1.3357     2.73389     34.1385
   146.740     148.381      -1.3234     2.73551     34.1463
   147.431     149.079      -1.3138     2.73695     34.1548
   148.121     149.777      -1.3042     2.73845     34.1640
   148.812     150.476      -1.2799     2.74070     34.1668
   149.502     151.174      -1.2585     2.74305     34.1741
   150.192     151.873      -1.2480     2.74430     34.1789
   150.981     152.671      -1.2499     2.74478     34.1872
   151.672     153.369      -1.2433     2.74563     34.1909
   152.362     154.067      -1.2323     2.74669     34.1924
   153.053     154.766      -1.2309     2.74752     34.2018
   153.842     155.564      -1.2193     2.74870     34.2043
   154.532     156.262      -1.2094     2.74980     34.2076
   155.222     156.961      -1.2041     2.75076     34.2142
   155.913     157.659      -1.1880     2.75215     34.2145
   156.603     158.357      -1.1773     2.75357     34.2212
   157.293     159.056      -1.1639     2.75531     34.2294
   158.082     159.854      -1.1418     2.75779     34.2377
   158.773     160.552      -1.1109     2.76072     34.2421
   159.266     161.051      -1.0843     2.76338     34.2478
   160.055     161.849      -1.0727     2.76447     34.2490
   160.745     162.548      -1.0783     2.76433     34.2530
   161.238     163.046      -1.0757     2.76495     34.2582
   161.929     163.745      -1.0618     2.76682     34.2675
   162.619     164.443      -1.0413     2.76933     34.2779
   163.309     165.142      -1.0130     2.77214     34.2836
   164.000     165.840      -0.9830     2.77499     34.2878
   164.789     166.638      -0.9555     2.77761     34.2917
   165.380     167.237      -0.9343     2.77985     34.2976
   166.071     167.935      -0.9124     2.78184     34.2994
   166.860     168.733      -0.8962     2.78362     34.3047
   167.451     169.332      -0.8806     2.78529     34.3091
   168.339     170.230      -0.8676     2.78687     34.3152
   169.029     170.928      -0.8533     2.78846     34.3202
   169.720     171.626      -0.8364     2.79031     34.3256
   170.410     172.325      -0.8174     2.79230     34.3306
   171.100     173.023      -0.8016     2.79421     34.3380
   171.790     173.721      -0.7886     2.79577     34.3440
   172.481     174.420      -0.7794     2.79690     34.3485
   173.171     175.118      -0.7699     2.79804     34.3527
   173.763     175.717      -0.7597     2.79930     34.3577
   174.453     176.415      -0.7488     2.80070     34.3638
   175.143     177.114      -0.7314     2.80252     34.3683
   175.735     177.712      -0.7137     2.80447     34.3742
   176.425     178.410      -0.6951     2.80622     34.3763
   177.116     179.109      -0.6813     2.80786     34.3824
   177.806     179.807      -0.6674     2.80932     34.3858
   178.496     180.506      -0.6545     2.81060     34.3881
   179.285     181.304      -0.6443     2.81196     34.3943
   180.173     182.202      -0.6316     2.81329     34.3972
   180.863     182.900      -0.6226     2.81447     34.4026
   181.652     183.698      -0.6103     2.81572     34.4050
   182.539     184.596      -0.6002     2.81695     34.4096
   183.328     185.394      -0.5896     2.81833     34.4157
   184.019     186.093      -0.5742     2.81994     34.4194
   184.807     186.891      -0.5601     2.82163     34.4257
   185.695     187.789      -0.5409     2.82341     34.4273
   186.287     188.387      -0.5236     2.82520     34.4314
   187.174     189.285      -0.5073     2.82709     34.4377
   187.864     189.983      -0.4950     2.82857     34.4433
   188.752     190.881      -0.4852     2.82962     34.4457
   189.639     191.779      -0.4755     2.83089     34.4511
   190.329     192.478      -0.4594     2.83253     34.4545
   191.020     193.176      -0.4435     2.83436     34.4606
   191.907     194.074      -0.4278     2.83609     34.4655
   192.597     194.772      -0.4103     2.83775     34.4675
   193.485     195.670      -0.3972     2.83920     34.4715
   194.175     196.368      -0.3866     2.84045     34.4758
   195.063     197.266      -0.3756     2.84179     34.4808
   195.753     197.965      -0.3659     2.84300     34.4856
   196.640     198.863      -0.3549     2.84409     34.4872
   197.330     199.561      -0.3454     2.84534     34.4927
   198.218     200.459      -0.3338     2.84675     34.4979
   198.908     201.157      -0.3182     2.84829     34.5003
   199.697     201.955      -0.3080     2.84983     34.5089
   200.486     202.754      -0.2949     2.85113     34.5109
   201.373     203.651      -0.2849     2.85218     34.5131
   202.063     204.350      -0.2759     2.85329     34.5174
   202.951     205.248      -0.2681     2.85434     34.5219
   203.641     205.946      -0.2605     2.85521     34.5246
   204.430     206.744      -0.2513     2.85609     34.5254
   205.120     207.443      -0.2455     2.85707     34.5316
   205.909     208.241      -0.2341     2.85838     34.5357
   206.796     209.139      -0.2199     2.85973     34.5370
   207.486     209.837      -0.2128     2.86077     34.5425
   208.374     210.735      -0.2040     2.86179     34.5455
   209.163     211.533      -0.1940     2.86278     34.5469
   209.754     212.132      -0.1873     2.86379     34.5523
   210.543     212.930      -0.1729     2.86511     34.5533
   211.430     213.828      -0.1603     2.86657     34.5578
   212.120     214.526      -0.1472     2.86806     34.5624
   212.909     215.324      -0.1337     2.86947     34.5654
   213.698     216.122      -0.1250     2.87069     34.5714
   214.585     217.020      -0.1144     2.87179     34.5735
   215.276     217.718      -0.1074     2.87278     34.5782
   215.966     218.417      -0.0996     2.87374     34.5819
   216.557     219.015      -0.0927     2.87460     34.5851
   217.346     219.814      -0.0856     2.87538     34.5869
   217.938     220.412      -0.0787     2.87604     34.5876
   218.825     221.310      -0.0753     2.87662     34.5909
   219.416     221.909      -0.0678     2.87750     34.5938
   220.205     222.707      -0.0614     2.87853     34.5996
   220.895     223.405      -0.0524     2.87940     34.6006
   221.783     224.303      -0.0442     2.88015     34.6008
   222.473     225.001      -0.0362     2.88091     34.6013
   223.262     225.800      -0.0318     2.88169     34.6062
   223.853     226.398      -0.0238     2.88256     34.6084
   224.740     227.296      -0.0156     2.88356     34.6119
   225.431     227.994      -0.0072     2.88450     34.6144
   226.318     228.892      -0.0012     2.88533     34.6182
   227.008     229.591       0.0057     2.88622     34.6217
   227.797     230.389       0.0123     2.88705     34.6247
   228.487     231.087       0.0180     2.88777     34.6274
   229.374     231.985       0.0247     2.88861     34.6304
   230.064     232.683       0.0352     2.88966     34.6321
   231.050     233.681       0.0464     2.89083     34.6343
   231.740     234.379       0.0555     2.89188     34.6375
   232.529     235.178       0.0605     2.89268     34.6419
   233.318     235.976       0.0671     2.89336     34.6431
   234.106     236.774       0.0738     2.89416     34.6455
   234.895     237.572       0.0836     2.89515     34.6471
   235.684     238.370       0.0927     2.89633     34.6519
   236.472     239.168       0.1057     2.89768     34.6546
   237.360     240.066       0.1166     2.89912     34.6608
   238.050     240.764       0.1303     2.90048     34.6628
   238.937     241.662       0.1443     2.90180     34.6640
   239.627     242.361       0.1575     2.90322     34.6674
   240.514     243.259       0.1654     2.90458     34.6760
   241.303     244.057       0.1775     2.90584     34.6783
   242.092     244.855       0.1871     2.90680     34.6798
   242.880     245.653       0.1943     2.90766     34.6824
   243.669     246.451       0.2040     2.90872     34.6850
   244.458     247.249       0.2132     2.90957     34.6854
   245.148     247.948       0.2137     2.90971     34.6863
   246.035     248.845       0.2105     2.90957     34.6875
   246.725     249.544       0.2076     2.90994     34.6952
   247.415     250.242       0.2194     2.91091     34.6943
   248.401     251.240       0.2288     2.91185     34.6954
   249.091     251.938       0.2377     2.91260     34.6949
   249.978     252.836       0.2452     2.91390     34.7030
   250.668     253.534       0.2670     2.91581     34.7031
   251.654     254.532       0.2804     2.91735     34.7077
   252.245     255.131       0.2920     2.91850     34.7094
   253.231     256.128       0.3016     2.91960     34.7124
   253.921     256.827       0.3168     2.92099     34.7132
   254.808     257.725       0.3279     2.92227     34.7168
   255.597     258.523       0.3300     2.92242     34.7161
   256.385     259.321       0.3189     2.92194     34.7218
   257.075     260.019       0.3152     2.92201     34.7264
   257.963     260.917       0.3184     2.92236     34.7268
   258.751     261.715       0.3180     2.92268     34.7311
   259.638     262.613       0.3242     2.92326     34.7311
   260.328     263.312       0.3262     2.92358     34.7327
   261.216     264.209       0.3228     2.92341     34.7337
   261.906     264.908       0.3221     2.92356     34.7361
   262.793     265.806       0.3323     2.92455     34.7371
   263.581     266.604       0.3439     2.92597     34.7421
   264.468     267.502       0.3587     2.92724     34.7416
   265.356     268.400       0.3637     2.92792     34.7444
   266.046     269.098       0.3653     2.92810     34.7445
   266.736     269.796       0.3649     2.92813     34.7450
   267.721     270.794       0.3662     2.92809     34.7423
   268.411     271.492       0.3642     2.92802     34.7432
   269.397     272.490       0.3640     2.92813     34.7443
   269.988     273.089       0.3687     2.92853     34.7440
   270.777     273.887       0.3789     2.92928     34.7418
   271.664     274.785       0.3892     2.93053     34.7460
   272.452     275.583       0.3997     2.93205     34.7537
   273.142     276.281       0.4098     2.93329     34.7581
   274.030     277.179       0.4142     2.93385     34.7600
   274.720     277.877       0.4128     2.93391     34.7619
   275.607     278.775       0.4108     2.93379     34.7621
   276.395     279.573       0.4097     2.93366     34.7612
   277.184     280.371       0.4081     2.93356     34.7612
   278.071     281.269       0.4052     2.93343     34.7621
   278.859     282.068       0.4035     2.93322     34.7609
   279.451     282.666       0.4008     2.93302     34.7609
   280.338     283.564       0.4004     2.93295     34.7599
   281.028     284.262       0.3991     2.93312     34.7631
   281.816     285.060       0.4025     2.93372     34.7668
   282.506     285.759       0.4097     2.93455     34.7691
   283.196     286.457       0.4143     2.93512     34.7710
   283.886     287.156       0.4202     2.93586     34.7735
   284.773     288.053       0.4312     2.93697     34.7753
   285.364     288.652       0.4392     2.93768     34.7752
   286.153     289.450       0.4415     2.93824     34.7794
   286.744     290.049       0.4565     2.93947     34.7783
   287.533     290.847       0.4664     2.94082     34.7844
   288.321     291.645       0.4712     2.94155     34.7880
   289.011     292.343       0.4773     2.94217     34.7889
   289.898     293.241       0.4862     2.94331     34.7932
   290.687     294.039       0.4968     2.94448     34.7960
   291.376     294.738       0.4995     2.94496     34.7989
   292.165     295.536       0.4995     2.94492     34.7979
   293.052     296.434       0.4994     2.94484     34.7965
   293.643     297.032       0.4982     2.94486     34.7976
   294.530     297.930       0.4975     2.94488     34.7981
   295.220     298.629       0.4983     2.94480     34.7958
   296.107     299.526       0.4971     2.94467     34.7950
   296.994     300.424       0.4957     2.94458     34.7948
   297.684     301.123       0.4935     2.94445     34.7951
   298.374     301.821       0.4908     2.94428     34.7956
   299.261     302.719       0.4870     2.94410     34.7970
   299.951     303.417       0.4851     2.94389     34.7960
   300.739     304.215       0.4804     2.94361     34.7971
   301.528     305.014       0.4759     2.94333     34.7980
   302.415     305.911       0.4754     2.94316     34.7959
   303.302     306.809       0.4732     2.94303     34.7960
   303.991     307.508       0.4705     2.94282     34.7959
   304.780     308.306       0.4664     2.94253     34.7963
   305.568     309.104       0.4639     2.94218     34.7940
   306.357     309.902       0.4605     2.94182     34.7927
   307.244     310.800       0.4574     2.94154     34.7920
   307.736     311.299       0.4551     2.94132     34.7914
   308.820     312.396       0.4510     2.94098     34.7909
   309.609     313.194       0.4404     2.94035     34.7941
   310.299     313.893       0.4333     2.93969     34.7931
   311.087     314.691       0.4293     2.93924     34.7912
   311.974     315.589       0.4237     2.93891     34.7926
   312.664     316.287       0.4218     2.93860     34.7903
   313.452     317.085       0.4178     2.93836     34.7912
   314.339     317.983       0.4158     2.93823     34.7912
   315.127     318.781       0.4139     2.93807     34.7908
   316.014     319.679       0.4098     2.93784     34.7919
   316.704     320.377       0.4085     2.93769     34.7910
   317.493     321.176       0.4099     2.93765     34.7884
   318.281     321.974       0.4074     2.93761     34.7902
   319.069     322.772       0.4042     2.93753     34.7922
   319.858     323.570       0.4024     2.93745     34.7927
   320.646     324.368       0.4015     2.93734     34.7918
   321.434     325.166       0.3984     2.93723     34.7934
   322.321     326.064       0.3997     2.93719     34.7909
   323.011     326.762       0.3977     2.93715     34.7921
   323.799     327.561       0.3966     2.93703     34.7914
   324.588     328.359       0.3955     2.93689     34.7903
   325.277     329.057       0.3941     2.93681     34.7905
   325.967     329.755       0.3916     2.93680     34.7927
   326.854     330.653       0.3896     2.93677     34.7940
   327.642     331.451       0.3918     2.93674     34.7906
   328.431     332.250       0.3898     2.93670     34.7919
   329.219     333.048       0.3889     2.93663     34.7915
   329.909     333.746       0.3889     2.93659     34.7906
   330.796     334.644       0.3887     2.93656     34.7899
   331.584     335.442       0.3878     2.93656     34.7904
   332.274     336.140       0.3898     2.93694     34.7928
   333.062     336.938       0.3996     2.93790     34.7938
   333.850     337.737       0.4074     2.93889     34.7976
   334.639     338.535       0.4132     2.93942     34.7975
   335.328     339.233       0.4164     2.93986     34.7992
   336.117     340.031       0.4230     2.94053     34.8000
   336.905     340.829       0.4289     2.94124     34.8022
   337.595     341.528       0.4348     2.94189     34.8037
   338.383     342.326       0.4364     2.94222     34.8057
   339.073     343.024       0.4357     2.94229     34.8070
   339.861     343.822       0.4368     2.94240     34.8067
   340.649     344.620       0.4376     2.94247     34.8063
   341.438     345.419       0.4367     2.94248     34.8069
   342.127     346.117       0.4367     2.94247     34.8064
   342.915     346.915       0.4362     2.94239     34.8055
   343.605     347.613       0.4346     2.94231     34.8058
   344.393     348.411       0.4363     2.94255     34.8065
   345.083     349.110       0.4397     2.94312     34.8097
   345.871     349.908       0.4442     2.94374     34.8124
   346.660     350.706       0.4521     2.94433     34.8107
   347.448     351.504       0.4548     2.94466     34.8115
   348.138     352.203       0.4549     2.94480     34.8128
   348.926     353.001       0.4551     2.94497     34.8143
   349.616     353.699       0.4544     2.94497     34.8146
   350.502     354.597       0.4479     2.94475     34.8186
   351.291     355.395       0.4468     2.94468     34.8184
   351.980     356.093       0.4467     2.94489     34.8209
   352.769     356.892       0.4527     2.94549     34.8215
   353.655     357.789       0.4606     2.94608     34.8198
   354.345     358.488       0.4561     2.94611     34.8248
   355.035     359.186       0.4556     2.94594     34.8227
   356.020     360.184       0.4540     2.94584     34.8227
   356.611     360.782       0.4542     2.94573     34.8206
   357.793     361.980       0.4516     2.94565     34.8218
   358.680     362.877       0.4511     2.94563     34.8216
   359.567     363.775       0.4486     2.94551     34.8222
   360.256     364.474       0.4464     2.94533     34.8220
   360.946     365.172       0.4480     2.94529     34.8193
   361.734     365.970       0.4471     2.94536     34.8207
   362.621     366.868       0.4469     2.94543     34.8214
   363.409     367.666       0.4463     2.94551     34.8226
   364.197     368.464       0.4478     2.94557     34.8212
   364.887     369.163       0.4493     2.94562     34.8197
   365.774     370.060       0.4500     2.94567     34.8191
   366.463     370.759       0.4480     2.94571     34.8214
   367.252     371.557       0.4469     2.94576     34.8228
   368.040     372.355       0.4469     2.94583     34.8233
   368.828     373.153       0.4498     2.94588     34.8202
   369.419     373.752       0.4471     2.94588     34.8228
   369.912     374.251       0.4471     2.94584     34.8220
   370.700     375.049       0.4471     2.94577     34.8207
   371.389     375.747       0.4469     2.94573     34.8200
   372.178     376.545       0.4460     2.94577     34.8210
   372.769     377.144       0.4458     2.94585     34.8219
   373.754     378.141       0.4455     2.94593     34.8227
   374.443     378.840       0.4480     2.94601     34.8205
   375.232     379.638       0.4476     2.94605     34.8211
   376.020     380.436       0.4489     2.94606     34.8193
   376.709     381.134       0.4471     2.94610     34.8214
   377.497     381.932       0.4464     2.94617     34.8226
   378.286     382.731       0.4437     2.94620     34.8256
   378.975     383.429       0.4439     2.94622     34.8251
   379.665     384.127       0.4453     2.94626     34.8237
   380.453     384.925       0.4467     2.94634     34.8227
   381.241     385.724       0.4451     2.94638     34.8246
   382.029     386.522       0.4462     2.94643     34.8235
   382.620     387.120       0.4471     2.94655     34.8237
   383.507     388.018       0.4471     2.94671     34.8252
   384.295     388.816       0.4476     2.94686     34.8263
   384.984     389.515       0.4494     2.94703     34.8259
   385.576     390.113       0.4496     2.94714     34.8269
   386.462     391.011       0.4496     2.94719     34.8269
   387.152     391.709       0.4462     2.94718     34.8303
   387.940     392.508       0.4478     2.94719     34.8281
   388.728     393.306       0.4496     2.94719     34.8257
   389.417     394.004       0.4458     2.94719     34.8294
   390.008     394.603       0.4451     2.94718     34.8298
   390.895     395.500       0.4460     2.94715     34.8278
   391.585     396.199       0.4458     2.94708     34.8267
   392.274     396.897       0.4444     2.94704     34.8274
   393.062     397.695       0.4424     2.94703     34.8290
   393.752     398.394       0.4415     2.94699     34.8292
   394.540     399.192       0.4413     2.94696     34.8285
   395.328     399.990       0.4406     2.94699     34.8292
   396.017     400.688       0.4410     2.94699     34.8283
   396.707     401.387       0.4392     2.94692     34.8290
   397.594     402.284       0.4392     2.94688     34.8280
   398.185     402.883       0.4392     2.94684     34.8271
   399.071     403.781       0.4390     2.94677     34.8259
   399.761     404.479       0.4376     2.94673     34.8265
   400.549     405.277       0.4358     2.94673     34.8280
   401.337     406.076       0.4356     2.94673     34.8278
   402.026     406.774       0.4349     2.94677     34.8287
   402.716     407.472       0.4359     2.94681     34.8277
   403.504     408.270       0.4354     2.94682     34.8279
   404.193     408.969       0.4334     2.94685     34.8302
   404.981     409.767       0.4327     2.94685     34.8305
   405.671     410.465       0.4336     2.94683     34.8287
   406.459     411.263       0.4331     2.94682     34.8288
   407.148     411.962       0.4315     2.94683     34.8302
   408.035     412.860       0.4327     2.94687     34.8289
   408.626     413.458       0.4338     2.94695     34.8284
   409.414     414.256       0.4343     2.94703     34.8284
   410.103     414.955       0.4323     2.94707     34.8308
   410.793     415.653       0.4318     2.94713     34.8316
   411.581     416.451       0.4336     2.94728     34.8311
   412.270     417.149       0.4336     2.94747     34.8331
   413.058     417.948       0.4338     2.94755     34.8336
   413.846     418.746       0.4345     2.94757     34.8325
   414.634     419.544       0.4343     2.94761     34.8328
   415.225     420.142       0.4363     2.94769     34.8313
   416.013     420.940       0.4341     2.94777     34.8343
   416.703     421.639       0.4359     2.94789     34.8335
   417.392     422.337       0.4359     2.94801     34.8346
   418.082     423.035       0.4359     2.94809     34.8353
   418.870     423.834       0.4361     2.94818     34.8356
   419.658     424.632       0.4372     2.94826     34.8351
   420.347     425.330       0.4384     2.94839     34.8349
   421.037     426.028       0.4391     2.94854     34.8357
   421.726     426.727       0.4382     2.94866     34.8378
   422.612     427.625       0.4386     2.94874     34.8380
   423.203     428.223       0.4402     2.94883     34.8370
   423.893     428.922       0.4393     2.94891     34.8386
   424.681     429.720       0.4400     2.94903     34.8389
   425.567     430.618       0.4420     2.94915     34.8377
   426.257     431.316       0.4402     2.94923     34.8404
   427.045     432.114       0.4434     2.94936     34.8379
   427.636     432.713       0.4420     2.94947     34.8406
   428.325     433.411       0.4434     2.94952     34.8393
   429.113     434.209       0.4418     2.94956     34.8412
   429.901     435.007       0.4427     2.94968     34.8412
   430.590     435.706       0.4427     2.94979     34.8423
   431.280     436.404       0.4432     2.94984     34.8419
   432.068     437.202       0.4450     2.94989     34.8401
   432.757     437.900       0.4450     2.94997     34.8407
   433.446     438.599       0.4452     2.95005     34.8411
   434.234     439.397       0.4459     2.95016     34.8414
   435.022     440.195       0.4455     2.95028     34.8428
   435.712     440.893       0.4471     2.95032     34.8412
   436.303     441.492       0.4463     2.95033     34.8419
   437.091     442.290       0.4473     2.95037     34.8408
   437.878     443.088       0.4471     2.95045     34.8416
   438.568     443.786       0.4463     2.95049     34.8426
   439.356     444.585       0.4477     2.95054     34.8412
   440.045     445.283       0.4491     2.95062     34.8402
   440.734     445.981       0.4477     2.95069     34.8424
   441.522     446.779       0.4495     2.95077     34.8410
   442.212     447.478       0.4488     2.95082     34.8419
   442.901     448.176       0.4468     2.95086     34.8442
   443.689     448.974       0.4491     2.95093     34.8422
   444.477     449.772       0.4478     2.95098     34.8437
   445.166     450.471       0.4491     2.95102     34.8425
   445.954     451.269       0.4471     2.95110     34.8452
   446.545     451.867       0.4464     2.95118     34.8467
   447.234     452.566       0.4480     2.95130     34.8461
   448.022     453.364       0.4505     2.95142     34.8444
   448.613     453.962       0.4498     2.95150     34.8459
   449.302     454.661       0.4507     2.95158     34.8455
   450.189     455.559       0.4507     2.95158     34.8450
   450.878     456.257       0.4507     2.95156     34.8443
   451.666     457.055       0.4509     2.95163     34.8446
   452.355     457.753       0.4516     2.95174     34.8448
   452.946     458.352       0.4524     2.95179     34.8441
   453.636     459.050       0.4525     2.95179     34.8437
   454.325     459.749       0.4507     2.95179     34.8453
   454.916     460.347       0.4507     2.95183     34.8454
   455.704     461.145       0.4509     2.95191     34.8457
   456.393     461.844       0.4517     2.95195     34.8450
   457.181     462.642       0.4506     2.95200     34.8463
   457.772     463.240       0.4501     2.95207     34.8475
   458.559     464.039       0.4517     2.95211     34.8458
   459.150     464.637       0.4506     2.95212     34.8467
   459.840     465.336       0.4494     2.95215     34.8481
   460.529     466.034       0.4490     2.95223     34.8491
   461.120     466.632       0.4508     2.95228     34.8474
   462.006     467.530       0.4506     2.95232     34.8477
   462.597     468.129       0.4499     2.95239     34.8490
   463.483     469.027       0.4508     2.95244     34.8481
   464.074     469.625       0.4508     2.95248     34.8483
   464.862     470.423       0.4508     2.95252     34.8483
   465.453     471.022       0.4510     2.95252     34.8478
   466.142     471.720       0.4518     2.95257     34.8471
   466.831     472.419       0.4508     2.95264     34.8488
   467.422     473.017       0.4511     2.95272     34.8491
   468.210     473.815       0.4518     2.95280     34.8489
   468.801     474.414       0.4511     2.95288     34.8503
   469.687     475.312       0.4518     2.95292     34.8496
   470.278     475.911       0.4509     2.95292     34.8503
   471.065     476.709       0.4511     2.95293     34.8496
   471.656     477.307       0.4516     2.95293     34.8487
   472.346     478.006       0.4502     2.95293     34.8499
   473.035     478.704       0.4520     2.95297     34.8481
   473.626     479.302       0.4518     2.95305     34.8489
   474.413     480.101       0.4509     2.95309     34.8500
   475.103     480.799       0.4514     2.95314     34.8496
   475.792     481.497       0.4527     2.95321     34.8487
   476.481     482.196       0.4507     2.95325     34.8510
   477.269     482.994       0.4500     2.95325     34.8514
   477.958     483.692       0.4512     2.95325     34.8497
   478.648     484.390       0.4521     2.95326     34.8483
   479.337     485.089       0.4521     2.95326     34.8480
   480.026     485.787       0.4514     2.95330     34.8489
   480.518     486.286       0.4487     2.95337     34.8525
   481.405     487.184       0.4492     2.95341     34.8519
   482.094     487.882       0.4508     2.95342     34.8498
   482.783     488.581       0.4499     2.95342     34.8504
   483.472     489.279       0.4499     2.95343     34.8501
   484.162     489.977       0.4499     2.95346     34.8502
   484.851     490.676       0.4497     2.95350     34.8505
   485.638     491.474       0.4486     2.95350     34.8513
   486.229     492.072       0.4478     2.95354     34.8523
   486.918     492.771       0.4483     2.95354     34.8514
   487.608     493.469       0.4467     2.95351     34.8523
   488.297     494.167       0.4472     2.95351     34.8513
   488.986     494.866       0.4459     2.95351     34.8524
   489.774     495.664       0.4472     2.95355     34.8510
   490.365     496.262       0.4454     2.95358     34.8531
   491.054     496.961       0.4454     2.95359     34.8528
   491.842     497.759       0.4454     2.95363     34.8528
   492.432     498.357       0.4452     2.95366     34.8532
   493.023     498.956       0.4443     2.95363     34.8534
   493.811     499.754       0.4445     2.95364     34.8528
   494.500     500.452       0.4455     2.95367     34.8517
   495.288     501.251       0.4450     2.95364     34.8514
   495.977     501.949       0.4430     2.95360     34.8527
   496.666     502.647       0.4423     2.95360     34.8530
   497.355     503.346       0.4430     2.95360     34.8519
   498.143     504.144       0.4421     2.95360     34.8524
   498.832     504.842       0.4416     2.95360     34.8526
   499.423     505.441       0.4403     2.95360     34.8537
   500.210     506.239       0.4417     2.95357     34.8512
   500.900     506.937       0.4397     2.95353     34.8526
   501.589     507.635       0.4385     2.95352     34.8534
   502.376     508.433       0.4378     2.95349     34.8533
   503.066     509.132       0.4387     2.95349     34.8519
   503.755     509.830       0.4380     2.95352     34.8527
   504.542     510.628       0.4358     2.95349     34.8542
   505.133     511.227       0.4369     2.95346     34.8522
   505.921     512.025       0.4342     2.95345     34.8547
   506.610     512.723       0.4344     2.95345     34.8541
   507.398     513.521       0.4347     2.95341     34.8528
   508.185     514.320       0.4320     2.95334     34.8544
   508.776     514.918       0.4320     2.95330     34.8535
   509.268     515.417       0.4318     2.95327     34.8530
   509.564     515.716       0.4311     2.95327     34.8537
   509.760     515.916       0.4322     2.95338     34.8538
