North Pole Environmental Observatory   ÑÑÑ   2002 Aerial CTD Survey
Cast 4 (Helo-3)     88deg 18.5'N _ 131deg 59.0'E   4/23/2002 _ 1530 UTC

  Depth(m)  Pres(dbar)    Temp(degC)   Cond(S/m)    Sal(psu)
#
     1.046       1.054     -1.7458     2.51206     31.6224
     1.059       1.067     -1.7423     2.51203     31.6183
     1.100       1.108     -1.7430     2.51203     31.6190
     1.170       1.179     -1.7423     2.51203     31.6182
     1.275       1.285     -1.7393     2.51204     31.6151
     1.421       1.432     -1.7430     2.51203     31.6188
     1.618       1.630     -1.7433     2.51207     31.6195
     1.876       1.890     -1.7408     2.51211     31.6173
     2.201       2.218     -1.7421     2.51208     31.6180
     2.599       2.619     -1.7413     2.51208     31.6170
     3.061       3.084     -1.7406     2.51216     31.6170
     3.574       3.601     -1.7423     2.51220     31.6191
     4.127       4.158     -1.7416     2.51226     31.6188
     4.710       4.746     -1.7416     2.51246     31.6212
     5.329       5.370     -1.7411     2.51272     31.6240
     5.989       6.035     -1.7404     2.51285     31.6246
     6.689       6.740     -1.7414     2.51290     31.6260
     7.422       7.479     -1.7424     2.51298     31.6276
     8.183       8.245     -1.7411     2.51302     31.6264
     8.964       9.032     -1.7404     2.51304     31.6254
     9.762       9.836     -1.7404     2.51312     31.6261
    10.568      10.649     -1.7399     2.51333     31.6279
    11.374      11.461     -1.7391     2.51359     31.6302
    12.175      12.268     -1.7396     2.51406     31.6367
    12.973      13.072     -1.7404     2.51491     31.6488
    13.768      13.873     -1.7404     2.51602     31.6637
    14.559      14.670     -1.7414     2.51742     31.6837
    15.346      15.463     -1.7431     2.51920     31.7096
    16.119      16.242     -1.7435     2.52072     31.7304
    16.866      16.995     -1.7439     2.52141     31.7401
    17.581      17.715     -1.7457     2.52167     31.7451
    18.258      18.398     -1.7444     2.52184     31.7456
    18.901      19.045     -1.7417     2.52192     31.7434
    19.515      19.664     -1.7459     2.52205     31.7494
    20.109      20.263     -1.7476     2.52249     31.7569
    20.684      20.842     -1.7476     2.52307     31.7646
    21.244      21.407     -1.7469     2.52349     31.7693
    21.797      21.964     -1.7476     2.52381     31.7741
    22.346      22.517     -1.7449     2.52431     31.7778
    22.893      23.068     -1.7466     2.52535     31.7938
    23.438      23.617     -1.7499     2.52717     31.8221
    23.981      24.165     -1.7481     2.52916     31.8473
    24.527      24.715     -1.7511     2.53106     31.8765
    25.072      25.264     -1.7574     2.53378     31.9206
    25.613      25.809     -1.7496     2.53722     31.9595
    26.150      26.350     -1.7401     2.54032     31.9918
    26.685      26.889     -1.7356     2.54334     32.0284
    27.219      27.428     -1.7312     2.54751     32.0810
    27.754      27.967     -1.7449     2.55288     32.1698
    28.285      28.502     -1.7544     2.55783     32.2483
    28.815      29.036     -1.7544     2.56164     32.3009
    29.341      29.566     -1.7601     2.56497     32.3528
    29.866      30.095     -1.7658     2.56786     32.3987
    30.389      30.622     -1.7681     2.57020     32.4334
    30.914      31.151     -1.7663     2.57239     32.4615
    31.438      31.679     -1.7648     2.57448     32.4886
    31.959      32.204     -1.7771     2.57598     32.5225
    32.478      32.727     -1.7873     2.57694     32.5468
    32.999      33.252     -1.7883     2.57780     32.5594
    33.521      33.778     -1.7873     2.57876     32.5714
    34.042      34.303     -1.7908     2.57995     32.5913
    34.565      34.830     -1.7910     2.58134     32.6106
    35.088      35.358     -1.7888     2.58292     32.6298
    35.613      35.887     -1.7865     2.58474     32.6521
    36.136      36.414     -1.7835     2.58676     32.6765
    36.658      36.940     -1.7765     2.58856     32.6935
    37.181      37.467     -1.7753     2.58987     32.7101
    37.706      37.996     -1.7785     2.59104     32.7296
    38.232      38.526     -1.7783     2.59235     32.7472
    38.758      39.056     -1.7760     2.59370     32.7631
    39.285      39.587     -1.7715     2.59495     32.7752
    39.813      40.119     -1.7690     2.59617     32.7890
    40.341      40.651     -1.7608     2.59758     32.7991
    40.869      41.184     -1.7570     2.59939     32.8197
    41.398      41.717     -1.7590     2.60192     32.8568
    41.929      42.252     -1.7508     2.60514     32.8920
    42.460      42.787     -1.7466     2.60851     32.9338
    42.992      43.323     -1.7473     2.61167     32.9781
    43.526      43.861     -1.7423     2.61462     33.0131
    44.060      44.399     -1.7431     2.61709     33.0481
    44.588      44.932     -1.7418     2.61928     33.0766
    45.113      45.461     -1.7401     2.62195     33.1115
    45.638      45.990     -1.7448     2.62506     33.1597
    46.163      46.519     -1.7430     2.62832     33.2026
    46.685      47.045     -1.7415     2.63142     33.2437
    47.207      47.571     -1.7415     2.63416     33.2815
    47.729      48.097     -1.7395     2.63684     33.3161
    48.250      48.622     -1.7350     2.63945     33.3470
    48.767      49.143     -1.7333     2.64171     33.3762
    49.281      49.661     -1.7315     2.64363     33.4005
    49.795      50.179     -1.7313     2.64505     33.4197
    50.312      50.700     -1.7365     2.64624     33.4418
    50.829      51.221     -1.7345     2.64771     33.4596
    51.349      51.745     -1.7310     2.64933     33.4779
    51.872      52.273     -1.7303     2.65114     33.5020
    52.397      52.802     -1.7298     2.65327     33.5306
    52.923      53.332     -1.7265     2.65521     33.5536
    53.449      53.862     -1.7243     2.65663     33.5704
    53.980      54.397     -1.7250     2.65767     33.5854
    54.511      54.932     -1.7228     2.65850     33.5942
    55.040      55.465     -1.7223     2.65921     33.6031
    55.566      55.996     -1.7220     2.65988     33.6118
    56.094      56.528     -1.7253     2.66066     33.6260
    56.624      57.062     -1.7250     2.66164     33.6390
    57.154      57.596     -1.7165     2.66280     33.6451
    57.686      58.132     -1.7143     2.66398     33.6587
    58.219      58.669     -1.7140     2.66512     33.6738
    58.750      59.205     -1.7073     2.66649     33.6849
    59.279      59.738     -1.7028     2.66804     33.7011
    59.806      60.269     -1.7028     2.66925     33.7175
    60.336      60.803     -1.7023     2.66992     33.7260
    60.868      61.339     -1.7011     2.67029     33.7294
    61.400      61.875     -1.7003     2.67063     33.7329
    61.927      62.407     -1.7003     2.67113     33.7396
    62.455      62.939     -1.6988     2.67191     33.7483
    62.984      63.472     -1.6951     2.67291     33.7577
    63.512      64.004     -1.6918     2.67382     33.7663
    64.037      64.533     -1.6893     2.67469     33.7752
    64.561      65.061     -1.6858     2.67592     33.7880
    65.084      65.589     -1.6823     2.67743     33.8046
    65.607      66.116     -1.6826     2.67869     33.8221
    66.128      66.641     -1.6811     2.67962     33.8329
    66.651      67.168     -1.6786     2.68041     33.8408
    67.176      67.697     -1.6831     2.68114     33.8558
    67.697      68.222     -1.6858     2.68191     33.8692
    68.216      68.745     -1.6856     2.68268     33.8794
    68.734      69.267     -1.6826     2.68343     33.8860
    69.253      69.791     -1.6813     2.68412     33.8939
    69.775      70.317     -1.6823     2.68478     33.9038
    70.297      70.843     -1.6786     2.68543     33.9082
    70.819      71.369     -1.6776     2.68589     33.9132
    71.342      71.896     -1.6813     2.68627     33.9223
    71.864      72.422     -1.6751     2.68715     33.9272
    72.385      72.947     -1.6651     2.68863     33.9361
    72.904      73.471     -1.6566     2.69013     33.9468
    73.423      73.994     -1.6549     2.69124     33.9599
    73.939      74.514     -1.6564     2.69196     33.9713
    74.452      75.031     -1.6531     2.69258     33.9758
    74.963      75.546     -1.6491     2.69349     33.9835
    75.473      76.060     -1.6419     2.69466     33.9913
    75.981      76.572     -1.6337     2.69582     33.9977
    76.488      77.083     -1.6282     2.69691     34.0062
    76.994      77.593     -1.6247     2.69807     34.0179
    77.499      78.102     -1.6192     2.69930     34.0285
    78.000      78.607     -1.6140     2.70057     34.0398
    78.498      79.109     -1.6068     2.70176     34.0478
    78.995      79.610     -1.5978     2.70277     34.0511
    79.494      80.113     -1.5946     2.70362     34.0590
    79.996      80.619     -1.5921     2.70431     34.0653
    80.503      81.130     -1.5896     2.70481     34.0691
    81.013      81.644     -1.5881     2.70525     34.0732
    81.524      82.159     -1.5876     2.70575     34.0792
    82.037      82.676     -1.5848     2.70639     34.0845
    82.548      83.191     -1.5784     2.70717     34.0876
    83.059      83.706     -1.5691     2.70795     34.0875
    83.568      84.220     -1.5672     2.70856     34.0935
    84.079      84.735     -1.5691     2.70900     34.1015
    84.589      85.249     -1.5632     2.70937     34.0995
    85.099      85.763     -1.5637     2.70957     34.1025
    85.611      86.279     -1.5644     2.70961     34.1036
    86.123      86.795     -1.5664     2.70963     34.1057
    86.634      87.310     -1.5649     2.70986     34.1069
    87.143      87.823     -1.5557     2.71060     34.1063
    87.652      88.336     -1.5484     2.71164     34.1121
    88.160      88.848     -1.5402     2.71272     34.1172
    88.667      89.359     -1.5338     2.71374     34.1237
    89.173      89.869     -1.5298     2.71455     34.1301
    89.679      90.379     -1.5263     2.71514     34.1338
    90.184      90.888     -1.5228     2.71555     34.1352
    90.685      91.394     -1.5211     2.71583     34.1368
    91.185      91.898     -1.5156     2.71633     34.1371
    91.685      92.402     -1.5046     2.71742     34.1393
    92.185      92.906     -1.4927     2.71879     34.1443
    92.683      93.408     -1.4830     2.72000     34.1495
    93.180      93.909     -1.4765     2.72100     34.1556
    93.677      94.410     -1.4691     2.72193     34.1598
    94.178      94.915     -1.4579     2.72302     34.1617
    94.683      95.424     -1.4457     2.72430     34.1650
    95.189      95.934     -1.4360     2.72558     34.1712
    95.698      96.447     -1.4264     2.72684     34.1774
    96.210      96.963     -1.4112     2.72834     34.1804
    96.723      97.480     -1.4038     2.72963     34.1894
    97.233      97.994     -1.3965     2.73048     34.1924
    97.741      98.506     -1.3827     2.73188     34.1956
    98.248      99.017     -1.3646     2.73369     34.1994
    98.753      99.526     -1.3484     2.73522     34.2017
    99.256     100.033     -1.3368     2.73679     34.2097
    99.758     100.540     -1.3221     2.73835     34.2140
   100.264     101.050     -1.3107     2.73969     34.2192
   100.769     101.559     -1.2988     2.74107     34.2242
   101.272     102.066     -1.2830     2.74259     34.2266
   101.774     102.572     -1.2691     2.74404     34.2304
   102.278     103.080     -1.2619     2.74509     34.2363
   102.786     103.592     -1.2540     2.74602     34.2397
   103.296     104.106     -1.2396     2.74747     34.2428
   103.804     104.618     -1.2248     2.74899     34.2465
   104.308     105.126     -1.2141     2.75014     34.2497
   104.811     105.633     -1.2032     2.75127     34.2524
   105.315     106.141     -1.1904     2.75252     34.2547
   105.820     106.651     -1.1792     2.75366     34.2572
   106.327     107.162     -1.1768     2.75452     34.2658
   106.832     107.671     -1.1787     2.75522     34.2772
   107.336     108.179     -1.1733     2.75566     34.2768
   107.837     108.684     -1.1753     2.75545     34.2760
   108.339     109.190     -1.1896     2.75482     34.2834
   108.842     109.697     -1.1899     2.75465     34.2810
   109.344     110.203     -1.1787     2.75534     34.2774
   109.844     110.707     -1.1624     2.75677     34.2780
   110.342     111.209     -1.1414     2.75857     34.2784
   110.841     111.712     -1.1236     2.76036     34.2822
   111.340     112.215     -1.1157     2.76170     34.2912
   111.837     112.716     -1.1090     2.76248     34.2940
   112.333     113.216     -1.1038     2.76316     34.2970
   112.830     113.717     -1.0954     2.76399     34.2984
   113.328     114.219     -1.0880     2.76470     34.2993
   113.825     114.720     -1.0828     2.76534     34.3018
   114.319     115.218     -1.0759     2.76621     34.3056
   114.810     115.713     -1.0673     2.76711     34.3078
   115.300     116.207     -1.0564     2.76797     34.3067
   115.788     116.699     -1.0458     2.76903     34.3088
   116.274     117.189     -1.0333     2.77017     34.3098
   116.759     117.678     -1.0236     2.77123     34.3129
   117.246     118.169     -1.0113     2.77246     34.3153
   117.733     118.660     -0.9930     2.77410     34.3165
   118.217     119.148     -0.9794     2.77588     34.3249
   118.700     119.635     -0.9637     2.77741     34.3276
   119.186     120.125     -0.9489     2.77868     34.3278
   119.676     120.619     -0.9425     2.77993     34.3371
   120.170     121.117     -0.9235     2.78142     34.3355
   120.663     121.614     -0.9085     2.78300     34.3396
   121.153     122.108     -0.9016     2.78437     34.3500
   121.641     122.600     -0.8861     2.78573     34.3504
   122.128     123.091     -0.8691     2.78733     34.3526
   122.611     123.578     -0.8499     2.78906     34.3538
   123.089     124.060     -0.8285     2.79105     34.3562
   123.565     124.540     -0.8094     2.79362     34.3690
   124.042     125.021     -0.7855     2.79645     34.3799
   124.518     125.501     -0.7627     2.79885     34.3861
   124.994     125.981     -0.7379     2.80068     34.3825
   125.468     126.459     -0.7155     2.80232     34.3788
   125.942     126.936     -0.6976     2.80417     34.3833
   126.412     127.410     -0.6808     2.80629     34.3925
   126.880     127.882     -0.6660     2.80804     34.3991
   127.349     128.355     -0.6564     2.80928     34.4046
   127.815     128.825     -0.6356     2.81059     34.3984
   128.282     129.296     -0.6189     2.81211     34.3996
   128.750     129.767     -0.6106     2.81374     34.4119
   129.216     130.237     -0.5952     2.81562     34.4195
   129.681     130.706     -0.5749     2.81762     34.4230
   130.145     131.174     -0.5570     2.81938     34.4262
   130.609     131.642     -0.5423     2.82084     34.4289
   131.072     132.108     -0.5262     2.82222     34.4289
   131.535     132.575     -0.5140     2.82369     34.4345
   131.996     133.040     -0.4978     2.82524     34.4367
   132.457     133.505     -0.4844     2.82673     34.4412
   132.918     133.970     -0.4653     2.82828     34.4401
   133.378     134.433     -0.4467     2.83003     34.4423
   133.837     134.896     -0.4308     2.83178     34.4474
   134.296     135.359     -0.4157     2.83328     34.4502
   134.756     135.823     -0.4096     2.83441     34.4581
   135.215     136.286     -0.4047     2.83520     34.4628
   135.675     136.749     -0.3996     2.83592     34.4665
   136.136     137.214     -0.3976     2.83664     34.4736
   136.601     137.683     -0.3839     2.83749     34.4691
   137.070     138.156     -0.3659     2.83862     34.4636
   137.541     138.631     -0.3596     2.83974     34.4712
   138.010     139.104     -0.3490     2.84077     34.4726
   138.479     139.576     -0.3374     2.84178     34.4728
   138.948     140.049     -0.3285     2.84264     34.4739
   139.416     140.521     -0.3195     2.84342     34.4739
   139.886     140.995     -0.3156     2.84422     34.4798
   140.356     141.469     -0.3120     2.84501     34.4860
   140.828     141.945     -0.2905     2.84612     34.4762
   141.300     142.421     -0.2652     2.84795     34.4718
   141.770     142.895     -0.2508     2.85008     34.4837
   142.241     143.370     -0.2387     2.85162     34.4903
   142.718     143.850     -0.2314     2.85243     34.4925
   143.195     144.331     -0.2260     2.85286     34.4918
   143.672     144.812     -0.2214     2.85328     34.4919
   144.147     145.291     -0.2207     2.85391     34.4993
   144.621     145.769     -0.2085     2.85482     34.4974
   145.095     146.247     -0.1990     2.85603     34.5024
   145.569     146.725     -0.1842     2.85768     34.5074
   146.042     147.202     -0.1664     2.85942     34.5101
   146.512     147.676     -0.1526     2.86079     34.5125
   146.982     148.150     -0.1399     2.86188     34.5124
   147.453     148.625     -0.1297     2.86287     34.5138
   147.921     149.097     -0.1174     2.86390     34.5133
   148.387     149.566     -0.1042     2.86494     34.5119
   148.851     150.034     -0.0957     2.86600     34.5162
   149.315     150.502     -0.0894     2.86718     34.5243
   149.779     150.970     -0.0809     2.86837     34.5303
   150.242     151.437     -0.0676     2.86969     34.5326
   150.706     151.905     -0.0528     2.87113     34.5347
   151.169     152.372     -0.0438     2.87221     34.5386
   151.633     152.839     -0.0309     2.87277     34.5313
   152.096     153.306     -0.0231     2.87340     34.5305
   152.558     153.772     -0.0142     2.87468     34.5372
   153.021     154.239      0.0074     2.87639     34.5352
   153.484     154.706      0.0226     2.87804     34.5396
   153.947     155.173      0.0302     2.87955     34.5507
   154.411     155.640      0.0435     2.88097     34.5542
   154.874     156.107      0.0597     2.88243     34.5551
   155.337     156.574      0.0774     2.88409     34.5569
   155.798     157.039      0.0893     2.88558     34.5628
   156.255     157.500      0.0965     2.88660     34.5679
   156.710     157.959      0.1050     2.88759     34.5711
   157.165     158.417      0.1192     2.88898     34.5733
   157.618     158.874      0.1318     2.89037     34.5772
   158.069     159.329      0.1427     2.89128     34.5766
   158.517     159.781      0.1515     2.89206     34.5768
   158.962     160.229      0.1633     2.89327     34.5791
   159.404     160.675      0.1747     2.89459     34.5834
   159.846     161.121      0.1817     2.89533     34.5850
   160.288     161.566      0.1846     2.89558     34.5849
   160.725     162.007      0.1865     2.89603     34.5884
   161.157     162.443      0.1938     2.89693     34.5917
   161.589     162.878      0.2008     2.89782     34.5954
   162.020     163.313      0.2044     2.89833     34.5977
   162.452     163.749      0.2135     2.89874     34.5927
   162.883     164.183      0.2213     2.89944     34.5928
   163.312     164.616      0.2240     2.90043     34.6026
   163.742     165.049      0.2351     2.90156     34.6048
   164.173     165.484      0.2522     2.90267     34.5998
   164.602     165.917      0.2676     2.90390     34.5984
   165.030     166.348      0.2853     2.90542     34.5983
   165.459     166.781      0.2985     2.90706     34.6047
   165.891     167.216      0.3123     2.90873     34.6110
   166.326     167.655      0.3268     2.91024     34.6142
   166.761     168.094      0.3417     2.91138     34.6122
   167.199     168.535      0.3482     2.91229     34.6166
   167.638     168.978      0.3473     2.91314     34.6285
   168.077     169.421      0.3533     2.91382     34.6304
   168.517     169.864      0.3581     2.91416     34.6292
   168.954     170.305      0.3637     2.91441     34.6260
   169.395     170.750      0.3644     2.91474     34.6292
   169.836     171.194      0.3654     2.91532     34.6354
   170.277     171.639      0.3726     2.91643     34.6417
   170.719     172.085      0.3880     2.91778     34.6417
   171.163     172.533      0.4024     2.91903     34.6418
   171.605     172.978      0.4166     2.92028     34.6419
   172.044     173.421      0.4388     2.92152     34.6330
   172.485     173.866      0.4585     2.92293     34.6291
   172.928     174.312      0.4638     2.92437     34.6417
   173.371     174.759      0.4650     2.92525     34.6517
   173.813     175.205      0.4684     2.92558     34.6518
   174.253     175.649      0.4710     2.92581     34.6517
   174.692     176.091      0.4725     2.92600     34.6523
   175.130     176.533      0.4717     2.92623     34.6558
   175.566     176.973      0.4797     2.92692     34.6556
   176.000     177.410      0.4907     2.92799     34.6570
   176.434     177.848      0.4944     2.92895     34.6651
   176.868     178.286      0.4992     2.92969     34.6692
   177.302     178.723      0.5093     2.93039     34.6668
   177.735     179.160      0.5189     2.93131     34.6678
   178.166     179.595      0.5326     2.93258     34.6687
   178.598     180.030      0.5470     2.93403     34.6712
   179.031     180.467      0.5609     2.93557     34.6756
   179.466     180.905      0.5747     2.93695     34.6778
   179.901     181.344      0.5828     2.93782     34.6798
   180.333     181.780      0.5831     2.93827     34.6851
   180.766     182.216      0.5835     2.93850     34.6874
   181.197     182.651      0.5845     2.93862     34.6875
   181.630     183.088      0.5895     2.93874     34.6833
   182.062     183.523      0.5917     2.93888     34.6824
   182.492     183.957      0.5922     2.93897     34.6826
   182.924     184.393      0.5915     2.93917     34.6859
   183.358     184.830      0.5946     2.93972     34.6893
   183.790     185.266      0.6039     2.94045     34.6882
   184.222     185.702      0.6075     2.94121     34.6937
   184.657     186.140      0.6164     2.94220     34.6965
   185.094     186.581      0.6347     2.94351     34.6927
   185.535     187.026      0.6502     2.94470     34.6906
   185.975     187.470      0.6547     2.94560     34.6970
   186.415     187.913      0.6559     2.94625     34.7039
   186.855     188.357      0.6612     2.94677     34.7045
   187.295     188.801      0.6682     2.94741     34.7047
   187.739     189.248      0.6761     2.94840     34.7084
   188.182     189.695      0.6838     2.94968     34.7162
   188.626     190.143      0.6936     2.95091     34.7209
   189.072     190.593      0.7070     2.95203     34.7202
   189.519     191.044      0.7183     2.95330     34.7238
   189.968     191.496      0.7264     2.95464     34.7319
   190.415     191.947      0.7401     2.95594     34.7332
   190.862     192.398      0.7516     2.95722     34.7367
   191.312     192.852      0.7617     2.95848     34.7414
   191.767     193.311      0.7751     2.95987     34.7442
   192.225     193.773      0.7888     2.96123     34.7463
   192.683     194.234      0.8051     2.96253     34.7447
   193.140     194.695      0.8215     2.96406     34.7459
   193.595     195.154      0.8375     2.96573     34.7494
   194.050     195.613      0.8511     2.96713     34.7520
   194.502     196.069      0.8609     2.96813     34.7537
   194.954     196.525      0.8702     2.96915     34.7562
   195.406     196.981      0.8819     2.97044     34.7596
   195.859     197.438      0.8912     2.97180     34.7665
   196.312     197.894      0.8939     2.97286     34.7769
   196.763     198.349      0.9042     2.97377     34.7769
   197.214     198.804      0.9171     2.97487     34.7764
   197.669     199.263      0.9201     2.97598     34.7872
   198.129     199.727      0.9338     2.97696     34.7843
   198.594     200.196      0.9467     2.97838     34.7879
   199.064     200.670      0.9569     2.98031     34.8012
   199.538     201.148      0.9670     2.98200     34.8115
   200.014     201.628      0.9806     2.98352     34.8156
   200.494     202.112      0.9961     2.98515     34.8190
   200.977     202.599      1.0075     2.98620     34.8195
   201.465     203.091      1.0173     2.98648     34.8119
   201.957     203.588      1.0261     2.98671     34.8047
   202.453     204.088      1.0347     2.98713     34.8003
   202.951     204.590      1.0390     2.98755     34.8007
   203.453     205.096      1.0399     2.98781     34.8027
   203.960     205.608      1.0418     2.98788     34.8011
   204.471     206.123      1.0421     2.98779     34.7994
   204.985     206.641      1.0409     2.98770     34.7992
   205.500     207.161      1.0411     2.98771     34.7988
   206.015     207.680      1.0435     2.98773     34.7961
   206.530     208.200      1.0463     2.98776     34.7931
   207.044     208.718      1.0466     2.98778     34.7926
   207.558     209.236      1.0432     2.98772     34.7954
   208.074     209.757      1.0421     2.98767     34.7956
   208.593     210.280      1.0418     2.98769     34.7960
   209.109     210.801      1.0430     2.98780     34.7957
   209.623     211.319      1.0442     2.98790     34.7954
   210.135     211.836      1.0439     2.98793     34.7958
   210.649     212.354      1.0430     2.98792     34.7963
   211.163     212.872      1.0432     2.98787     34.7952
   211.675     213.389      1.0435     2.98787     34.7945
   212.185     213.903      1.0463     2.98799     34.7926
   212.693     214.416      1.0466     2.98814     34.7939
   213.204     214.931      1.0447     2.98833     34.7982
   213.717     215.448      1.0471     2.98853     34.7978
   214.231     215.967      1.0499     2.98877     34.7975
   214.745     216.485      1.0554     2.98938     34.7988
   215.259     217.004      1.0633     2.99055     34.8048
   215.772     217.521      1.0704     2.99201     34.8154
   216.282     218.035      1.0781     2.99347     34.8253
   216.790     218.548      1.0879     2.99469     34.8297
   217.300     219.062      1.0983     2.99536     34.8265
   217.811     219.578      1.1076     2.99589     34.8226
   218.324     220.095      1.1183     2.99683     34.8225
   218.836     220.611      1.1257     2.99801     34.8290
   219.347     221.127      1.1299     2.99919     34.8393
   219.856     221.640      1.1394     3.00038     34.8436
   220.362     222.151      1.1506     3.00138     34.8437
   220.870     222.663      1.1604     3.00218     34.8428
   221.383     223.180      1.1723     3.00291     34.8386
   221.899     223.701      1.1794     3.00408     34.8453
   222.419     224.225      1.1832     3.00577     34.8625
   222.937     224.748      1.1932     3.00699     34.8667
   223.455     225.270      1.2034     3.00753     34.8620
   223.970     225.790      1.2091     3.00774     34.8581
   224.482     226.306      1.2096     3.00773     34.8570
   224.992     226.821      1.2117     3.00783     34.8557
   225.503     227.336      1.2167     3.00801     34.8521
   226.014     227.852      1.2201     3.00803     34.8483
   226.522     228.364      1.2206     3.00814     34.8488
   227.027     228.873      1.2244     3.00835     34.8470
   227.532     229.383      1.2258     3.00840     34.8457
   228.037     229.892      1.2268     3.00840     34.8444
   228.542     230.401      1.2282     3.00850     34.8438
   229.045     230.909      1.2277     3.00856     34.8448
   229.550     231.418      1.2280     3.00853     34.8437
   230.051     231.924      1.2284     3.00852     34.8429
   230.552     232.429      1.2280     3.00858     34.8438
   231.055     232.936      1.2303     3.00861     34.8414
   231.557     233.443      1.2312     3.00861     34.8401
   232.061     233.951      1.2305     3.00864     34.8410
   232.562     234.456      1.2301     3.00871     34.8420
   233.061     234.960      1.2298     3.00879     34.8430
   233.562     235.465      1.2310     3.00886     34.8423
   234.064     235.971      1.2312     3.00889     34.8422
   234.564     236.476      1.2310     3.00889     34.8421
   235.062     236.978      1.2317     3.00889     34.8410
   235.558     237.478      1.2312     3.00888     34.8412
   236.054     237.979      1.2315     3.00888     34.8405
   236.555     238.484      1.2324     3.00892     34.8397
   237.056     238.989      1.2322     3.00899     34.8405
   237.554     239.492      1.2329     3.00902     34.8399
   238.055     239.997      1.2324     3.00902     34.8401
   238.560     240.507      1.2322     3.00901     34.8400
   239.067     241.018      1.2334     3.00901     34.8383
   239.571     241.526      1.2341     3.00901     34.8372
   240.073     242.033      1.2336     3.00904     34.8378
   240.576     242.540      1.2324     3.00898     34.8381
   241.079     243.048      1.2303     3.00874     34.8371
   241.582     243.555      1.2320     3.00855     34.8325
   242.084     244.061      1.2325     3.00850     34.8310
   242.588     244.570      1.2246     3.00847     34.8390
   243.096     245.082      1.2246     3.00842     34.8381
   243.603     245.594      1.2246     3.00830     34.8363
   244.112     246.107      1.2256     3.00813     34.8328
   244.619     246.618      1.2246     3.00793     34.8310
   245.121     247.125      1.2187     3.00772     34.8345
   245.622     247.630      1.2146     3.00762     34.8375
   246.122     248.135      1.2134     3.00756     34.8378
   246.623     248.640      1.2123     3.00744     34.8372
   247.122     249.143      1.2111     3.00732     34.8368
   247.617     249.643      1.2113     3.00728     34.8357
   248.108     250.138      1.2127     3.00729     34.8339
   248.599     250.633      1.2127     3.00738     34.8348
   249.093     251.132      1.2113     3.00762     34.8391
   249.592     251.635      1.2120     3.00794     34.8422
   250.093     252.140      1.2173     3.00832     34.8409
   250.594     252.646      1.2192     3.00866     34.8428
   251.099     253.155      1.2204     3.00902     34.8458
   251.604     253.665      1.2244     3.00967     34.8494
   252.111     254.176      1.2311     3.01048     34.8520
   252.619     254.689      1.2355     3.01116     34.8554
   253.129     255.203      1.2398     3.01179     34.8585
   253.637     255.715      1.2457     3.01246     34.8601
   254.143     256.226      1.2526     3.01312     34.8606
   254.648     256.735      1.2574     3.01402     34.8665
   255.154     257.246      1.2650     3.01544     34.8759
   255.662     257.758      1.2764     3.01670     34.8791
   256.170     258.271      1.2842     3.01711     34.8754
   256.678     258.783      1.2892     3.01726     34.8715
   257.184     259.294      1.2954     3.01777     34.8708
   257.692     259.806      1.3001     3.01833     34.8724
   258.198     260.317      1.3039     3.01871     34.8727
   258.706     260.829      1.3067     3.01899     34.8729
   259.218     261.346      1.3103     3.01911     34.8701
   259.733     261.865      1.3119     3.01909     34.8677
   260.244     262.381      1.3122     3.01910     34.8672
   260.756     262.897      1.3146     3.01930     34.8669
   261.269     263.415      1.3193     3.01975     34.8671
   261.785     263.935      1.3238     3.02039     34.8700
   262.297     264.452      1.3241     3.02097     34.8768
   262.810     264.969      1.3288     3.02127     34.8751
   263.322     265.486      1.3347     3.02137     34.8694
   263.834     266.002      1.3371     3.02163     34.8698
   264.346     266.519      1.3433     3.02228     34.8709
   264.859     267.036      1.3499     3.02312     34.8741
   265.371     267.553      1.3516     3.02392     34.8820
   265.883     268.069      1.3556     3.02445     34.8840
   266.392     268.583      1.3577     3.02463     34.8838
   266.901     269.096      1.3617     3.02474     34.8804
   267.407     269.607      1.3655     3.02499     34.8790
   267.913     270.117      1.3674     3.02536     34.8814
   268.416     270.625      1.3695     3.02592     34.8859
   268.921     271.134      1.3750     3.02654     34.8874
   269.426     271.644      1.3809     3.02688     34.8848
   269.932     272.154      1.3828     3.02687     34.8824
   270.435     272.662      1.3849     3.02693     34.8804
   270.938     273.169      1.3847     3.02718     34.8835
   271.441     273.677      1.3849     3.02737     34.8855
   271.948     274.188      1.3911     3.02751     34.8801
   272.453     274.698      1.3913     3.02761     34.8809
   272.958     275.207      1.3916     3.02761     34.8802
   273.461     275.715      1.3930     3.02755     34.8776
   273.967     276.225      1.3930     3.02758     34.8777
   274.471     276.734      1.3930     3.02772     34.8792
   274.974     277.241      1.3949     3.02786     34.8785
   275.472     277.744      1.3972     3.02806     34.8783
   275.970     278.246      1.3960     3.02836     34.8831
   276.469     278.749      1.3972     3.02856     34.8840
   276.969     279.254      1.4005     3.02862     34.8808
   277.469     279.758      1.4012     3.02866     34.8803
   277.968     280.262      1.4031     3.02878     34.8794
   278.468     280.766      1.4036     3.02894     34.8806
   278.964     281.267      1.4015     3.02914     34.8852
   279.460     281.767      1.4050     3.02938     34.8841
   279.955     282.266      1.4081     3.02963     34.8835
   280.452     282.768      1.4095     3.02983     34.8842
   280.951     283.271      1.4109     3.02992     34.8836
   281.449     283.774      1.4131     3.03010     34.8831
   281.948     284.277      1.4117     3.03044     34.8886
   282.448     284.782      1.4142     3.03072     34.8892
   282.950     285.288      1.4218     3.03092     34.8830
   283.447     285.790      1.4211     3.03111     34.8860
   283.944     286.291      1.4232     3.03135     34.8864
   284.444     286.795      1.4282     3.03152     34.8827
   284.946     287.302      1.4289     3.03163     34.8830
   285.450     287.810      1.4337     3.03193     34.8812
   285.953     288.318      1.4330     3.03243     34.8880
   286.456     288.825      1.4318     3.03290     34.8951
   286.962     289.336      1.4341     3.03328     34.8970
   287.470     289.849      1.4379     3.03352     34.8956
   287.981     290.364      1.4410     3.03361     34.8930
   288.492     290.880      1.4412     3.03358     34.8922
   289.005     291.397      1.4431     3.03363     34.8903
   289.520     291.917      1.4414     3.03377     34.8937
   290.035     292.436      1.4421     3.03389     34.8942
   290.545     292.951      1.4471     3.03398     34.8894
   291.052     293.463      1.4450     3.03397     34.8913
   291.561     293.976      1.4436     3.03389     34.8916
   292.069     294.489      1.4419     3.03383     34.8925
   292.578     295.002      1.4416     3.03378     34.8918
   293.085     295.514      1.4407     3.03362     34.8904
   293.595     296.028      1.4400     3.03342     34.8884
   294.102     296.540      1.4379     3.03333     34.8894
   294.610     297.053      1.4383     3.03340     34.8894
   295.120     297.567      1.4381     3.03346     34.8901
   295.628     298.080      1.4386     3.03335     34.8880
   296.138     298.594      1.4390     3.03324     34.8858
   296.647     299.108      1.4355     3.03321     34.8890
   297.158     299.623      1.4345     3.03308     34.8881
   297.666     300.136      1.4321     3.03284     34.8874
   298.171     300.646      1.4321     3.03263     34.8845
   298.674     301.153      1.4315     3.03247     34.8828
   299.177     301.661      1.4258     3.03234     34.8871
   299.681     302.169      1.4260     3.03233     34.8865
   300.184     302.677      1.4262     3.03231     34.8858
   300.686     303.183      1.4237     3.03215     34.8862
   301.187     303.689      1.4224     3.03199     34.8853
   301.687     304.193      1.4158     3.03183     34.8903
   302.184     304.695      1.4160     3.03151     34.8856
   302.681     305.196      1.4144     3.03105     34.8813
   303.178     305.698      1.4106     3.03080     34.8821
   303.676     306.200      1.4037     3.03083     34.8898
   304.176     306.705      1.3978     3.03077     34.8952
   304.678     307.211      1.3973     3.03055     34.8927
   305.181     307.719      1.3963     3.03037     34.8913
   305.683     308.225      1.3942     3.03015     34.8905
   306.181     308.728      1.3954     3.02976     34.8840
   306.677     309.228      1.3916     3.02937     34.8829
   307.172     309.728      1.3862     3.02926     34.8872
   307.667     310.227      1.3823     3.02926     34.8912
   308.158     310.723      1.3790     3.02897     34.8909
   308.644     311.213      1.3734     3.02849     34.8908
   309.124     311.697      1.3663     3.02803     34.8925
   309.599     312.177      1.3629     3.02765     34.8912
   310.078     312.660      1.3667     3.02730     34.8822
   310.561     313.147      1.3684     3.02699     34.8761
   311.047     313.638      1.3641     3.02682     34.8783
   311.538     314.133      1.3620     3.02671     34.8790
   312.032     314.632      1.3620     3.02651     34.8761
   312.533     315.137      1.3596     3.02611     34.8734
   313.035     315.644      1.3536     3.02569     34.8744
   313.539     316.152      1.3477     3.02539     34.8768
   314.044     316.662      1.3432     3.02516     34.8786
   314.551     317.174      1.3432     3.02499     34.8761
   315.060     317.687      1.3421     3.02480     34.8746
   315.570     318.202      1.3361     3.02439     34.8757
   316.082     318.718      1.3333     3.02387     34.8720
   316.594     319.235      1.3298     3.02346     34.8702
   317.107     319.753      1.3243     3.02312     34.8718
   317.619     320.269      1.3203     3.02286     34.8726
   318.129     320.784      1.3217     3.02265     34.8681
   318.643     321.303      1.3198     3.02230     34.8653
   319.159     321.823      1.3141     3.02193     34.8667
   319.673     322.342      1.3070     3.02165     34.8707
   320.186     322.860      1.3041     3.02133     34.8695
   320.702     323.380      1.3030     3.02096     34.8657
   321.216     323.899      1.2966     3.02054     34.8671
   321.728     324.416      1.2925     3.02005     34.8652
   322.242     324.934      1.2869     3.01963     34.8657
   322.757     325.454      1.2812     3.01917     34.8659
   323.275     325.977      1.2752     3.01871     34.8663
   323.789     326.496      1.2690     3.01861     34.8716
   324.300     327.011      1.2693     3.01878     34.8733
   324.810     327.526      1.2655     3.01886     34.8782
   325.319     328.039      1.2610     3.01881     34.8822
   325.829     328.554      1.2650     3.01859     34.8747
   326.340     329.070      1.2588     3.01824     34.8768
   326.852     329.586      1.2565     3.01807     34.8769
   327.361     330.100      1.2627     3.01800     34.8687
   327.869     330.613      1.2603     3.01781     34.8687
   328.376     331.124      1.2565     3.01768     34.8710
   328.882     331.635      1.2563     3.01764     34.8704
   329.390     332.148      1.2532     3.01756     34.8725
   329.900     332.662      1.2449     3.01750     34.8807
   330.409     333.176      1.2482     3.01751     34.8769
   330.920     333.692      1.2471     3.01752     34.8779
   331.433     334.209      1.2458     3.01752     34.8790
   331.944     334.725      1.2401     3.01747     34.8844
   332.453     335.239      1.2433     3.01736     34.8792
   332.963     335.753      1.2423     3.01724     34.8785
   333.473     336.268      1.2387     3.01710     34.8804
   333.984     336.784      1.2411     3.01684     34.8741
   334.492     337.296      1.2409     3.01657     34.8706
   334.998     337.807      1.2338     3.01641     34.8761
   335.504     338.318      1.2264     3.01620     34.8813
   336.013     338.831      1.2205     3.01596     34.8846
   336.520     339.343      1.2224     3.01588     34.8812
   337.028     339.856      1.2243     3.01589     34.8788
   337.538     340.370      1.2245     3.01593     34.8788
   338.046     340.883      1.2150     3.01595     34.8893
   338.553     341.395      1.2158     3.01591     34.8877
   339.060     341.906      1.2236     3.01582     34.8775
   339.567     342.418      1.2214     3.01562     34.8771
   340.077     342.933      1.2136     3.01541     34.8827
   340.590     343.450      1.2091     3.01528     34.8858
   341.101     343.966      1.2107     3.01528     34.8838
   341.613     344.483      1.2196     3.01534     34.8743
   342.126     345.001      1.2153     3.01525     34.8777
   342.640     345.519      1.2082     3.01512     34.8836
   343.149     346.033      1.2051     3.01499     34.8851
   343.659     346.548      1.2035     3.01489     34.8852
   344.171     347.064      1.2103     3.01494     34.8781
   344.683     347.581      1.2073     3.01505     34.8824
   345.193     348.096      1.2089     3.01510     34.8810
   345.704     348.611      1.2113     3.01510     34.8781
   346.214     349.126      1.2056     3.01500     34.8828
   346.721     349.638      1.1968     3.01470     34.8885
   347.225     350.146      1.2002     3.01433     34.8797
   347.726     350.652      1.1975     3.01413     34.8798
   348.228     351.159      1.1916     3.01417     34.8866
   348.734     351.669      1.1888     3.01415     34.8892
   349.242     352.182      1.1880     3.01397     34.8874
   349.752     352.697      1.1912     3.01377     34.8811
   350.262     353.212      1.1892     3.01356     34.8803
   350.774     353.728      1.1804     3.01331     34.8866
   351.282     354.241      1.1795     3.01316     34.8853
   351.788     354.752      1.1818     3.01316     34.8824
   352.291     355.259      1.1790     3.01321     34.8859
   352.794     355.767      1.1854     3.01310     34.8771
   353.297     356.275      1.1788     3.01270     34.8790
   353.799     356.781      1.1683     3.01222     34.8843
   354.299     357.286      1.1676     3.01170     34.8781
   354.800     357.792      1.1657     3.01119     34.8735
   355.303     358.299      1.1577     3.01097     34.8791
   355.807     358.808      1.1546     3.01098     34.8825
   356.315     359.321      1.1551     3.01105     34.8825
   356.830     359.840      1.1437     3.01090     34.8929
   357.344     360.359      1.1425     3.01017     34.8847
   357.856     360.876      1.1358     3.00893     34.8759
   358.362     361.387      1.1213     3.00790     34.8786
   358.868     361.897      1.1149     3.00747     34.8799
   359.370     362.404      1.1120     3.00751     34.8834
   359.872     362.911      1.1113     3.00764     34.8855
   360.376     363.419      1.1075     3.00745     34.8870
   360.881     363.929      1.1044     3.00705     34.8850
   361.383     364.436      1.0992     3.00656     34.8842
   361.883     364.940      1.1004     3.00611     34.8768
   362.382     365.444      1.0973     3.00595     34.8778
   362.883     365.950      1.0902     3.00603     34.8866
   363.389     366.460      1.0932     3.00617     34.8846
   363.897     366.973      1.0992     3.00627     34.8790
   364.407     367.488      1.0968     3.00631     34.8819
   364.921     368.006      1.0951     3.00633     34.8837
   365.435     368.525      1.0930     3.00641     34.8868
   365.948     369.043      1.0914     3.00652     34.8897
   366.459     369.559      1.0885     3.00657     34.8932
   366.965     370.070      1.0938     3.00664     34.8879
   367.472     370.581      1.0985     3.00678     34.8842
   367.981     371.095      1.1030     3.00705     34.8823
   368.492     371.611      1.1023     3.00740     34.8874
   369.001     372.125      1.1023     3.00772     34.8911
   369.505     372.633      1.1023     3.00785     34.8925
   370.007     373.140      1.1028     3.00787     34.8919
   370.508     373.646      1.1002     3.00787     34.8945
   371.007     374.149      1.0985     3.00791     34.8966
   371.507     374.654      1.1040     3.00800     34.8914
   372.007     375.159      1.1052     3.00805     34.8903
   372.507     375.663      1.1059     3.00805     34.8894
   373.006     376.167      1.1050     3.00804     34.8899
   373.505     376.671      1.1039     3.00796     34.8898
   374.007     377.177      1.1047     3.00781     34.8868
   374.508     377.683      1.1055     3.00774     34.8846
   375.007     378.187      1.1046     3.00773     34.8851
   375.504     378.688      1.1043     3.00772     34.8851
   376.000     379.189      1.1023     3.00762     34.8858
   376.496     379.690      1.0952     3.00737     34.8902
   376.992     380.190      1.0938     3.00710     34.8879
   377.489     380.692      1.0945     3.00690     34.8843
   377.988     381.196      1.0964     3.00683     34.8810
   378.488     381.700      1.0910     3.00684     34.8869
   378.986     382.203      1.0900     3.00687     34.8882
   379.486     382.708      1.0900     3.00684     34.8874
   379.989     383.215      1.0833     3.00674     34.8933
   380.492     383.723      1.0817     3.00657     34.8926
   380.993     384.229      1.0826     3.00626     34.8874
   381.494     384.734      1.0784     3.00599     34.8882
   381.995     385.240      1.0776     3.00593     34.8881
   382.498     385.748      1.0822     3.00593     34.8826
   382.999     386.254      1.0805     3.00581     34.8827
   383.500     386.759      1.0702     3.00562     34.8914
   383.997     387.261      1.0691     3.00538     34.8893
   384.495     387.764      1.0712     3.00516     34.8838
   384.993     388.266      1.0677     3.00507     34.8863
   385.490     388.768      1.0655     3.00510     34.8889
   385.990     389.273      1.0660     3.00521     34.8895
   386.493     389.780      1.0667     3.00524     34.8888
   386.995     390.287      1.0648     3.00505     34.8881
   387.496     390.793      1.0595     3.00472     34.8894
   387.996     391.298      1.0565     3.00434     34.8877
   388.498     391.804      1.0553     3.00395     34.8837
   389.000     392.311      1.0524     3.00367     34.8830
   389.502     392.818      1.0500     3.00361     34.8847
   390.005     393.325      1.0479     3.00368     34.8875
   390.509     393.834      1.0486     3.00368     34.8865
   391.013     394.343      1.0469     3.00360     34.8871
   391.515     394.850      1.0448     3.00348     34.8876
   392.014     395.353      1.0405     3.00332     34.8900
   392.511     395.855      1.0410     3.00320     34.8876
   393.008     396.357      1.0422     3.00313     34.8851
   393.503     396.856      1.0410     3.00312     34.8860
   393.994     397.352      1.0376     3.00310     34.8893
   394.483     397.846      1.0355     3.00299     34.8899
   394.973     398.340      1.0300     3.00286     34.8940
   395.462     398.834      1.0293     3.00274     34.8930
   395.951     399.328      1.0333     3.00263     34.8869
   396.440     399.821      1.0326     3.00255     34.8863
   396.932     400.318      1.0331     3.00243     34.8839
   397.427     400.818      1.0274     3.00230     34.8884
   397.926     401.321      1.0284     3.00226     34.8864
   398.427     401.827      1.0279     3.00226     34.8866
   398.927     402.332      1.0240     3.00220     34.8899
   399.429     402.838      1.0231     3.00204     34.8886
   399.932     403.346      1.0214     3.00180     34.8871
   400.437     403.856      1.0179     3.00155     34.8875
   400.944     404.368      1.0169     3.00131     34.8853
   401.452     404.881      1.0169     3.00115     34.8829
   401.963     405.397      1.0143     3.00101     34.8836
   402.473     405.911      1.0086     3.00075     34.8864
   402.981     406.424      1.0088     3.00044     34.8819
   403.488     406.936      1.0060     3.00014     34.8809
   403.994     407.447      1.0041     2.99985     34.8790
   404.496     407.954      1.0002     2.99949     34.8784
   404.996     408.458      0.9950     2.99920     34.8801
   405.497     408.964      0.9869     2.99900     34.8863
   406.000     409.472      0.9823     2.99873     34.8877
   406.503     409.980      0.9809     2.99828     34.8832
   407.007     410.488      0.9752     2.99764     34.8811
   407.508     410.994      0.9671     2.99708     34.8825
   408.008     411.499      0.9664     2.99679     34.8792
   408.506     412.002      0.9628     2.99669     34.8817
   409.001     412.501      0.9597     2.99672     34.8853
   409.495     413.000      0.9569     2.99675     34.8885
   409.990     413.500      0.9561     2.99669     34.8883
   410.487     414.001      0.9549     2.99634     34.8848
   410.982     414.501      0.9485     2.99576     34.8843
   411.475     414.999      0.9454     2.99546     34.8836
   411.971     415.500      0.9411     2.99535     34.8867
   412.472     416.005      0.9397     2.99520     34.8860
   412.972     416.510      0.9411     2.99512     34.8830
   413.470     417.013      0.9373     2.99493     34.8846
   413.970     417.518      0.9337     2.99446     34.8823
   414.471     418.023      0.9278     2.99399     34.8826
   414.969     418.526      0.9256     2.99386     34.8829
   415.467     419.029      0.9208     2.99387     34.8882
   415.965     419.532      0.9201     2.99388     34.8889
   416.466     420.037      0.9191     2.99392     34.8901
   416.964     420.540      0.9182     2.99386     34.8901
   417.459     421.040      0.9175     2.99354     34.8864
   417.951     421.537      0.9120     2.99293     34.8844
   418.442     422.032      0.9041     2.99220     34.8836
   418.930     422.525      0.8988     2.99159     34.8813
   419.416     423.016      0.8950     2.99122     34.8805
   419.901     423.505      0.8920     2.99109     34.8819
   420.386     423.995      0.8893     2.99114     34.8853
   420.872     424.486      0.8838     2.99108     34.8904
   421.359     424.977      0.8836     2.99077     34.8863
   421.843     425.466      0.8829     2.99034     34.8812
   422.325     425.953      0.8779     2.98985     34.8803
   422.807     426.439      0.8717     2.98948     34.8820
   423.291     426.928      0.8688     2.98923     34.8818
   423.780     427.421      0.8698     2.98908     34.8785
   424.268     427.914      0.8698     2.98907     34.8781
   424.761     428.412      0.8647     2.98904     34.8831
   425.256     428.912      0.8585     2.98884     34.8871
   425.753     429.413      0.8556     2.98852     34.8859
   426.248     429.913      0.8551     2.98815     34.8815
   426.741     430.411      0.8516     2.98775     34.8799
   427.235     430.910      0.8463     2.98735     34.8804
   427.729     431.408      0.8435     2.98715     34.8806
   428.222     431.906      0.8423     2.98721     34.8824
   428.716     432.405      0.8423     2.98724     34.8826
   429.212     432.906      0.8401     2.98713     34.8833
   429.707     433.405      0.8372     2.98693     34.8837
   430.201     433.904      0.8343     2.98673     34.8840
   430.695     434.403      0.8346     2.98658     34.8814
   431.192     434.905      0.8322     2.98646     34.8824
   431.692     435.409      0.8334     2.98651     34.8813
   432.192     435.914      0.8331     2.98661     34.8826
   432.693     436.420      0.8308     2.98652     34.8838
   433.194     436.926      0.8281     2.98621     34.8825
   433.694     437.431      0.8249     2.98585     34.8812
   434.193     437.935      0.8217     2.98560     34.8812
   434.692     438.438      0.8203     2.98544     34.8804
   435.188     438.939      0.8200     2.98536     34.8794
   435.680     439.436      0.8162     2.98530     34.8825
   436.169     439.930      0.8116     2.98513     34.8852
   436.655     440.420      0.8083     2.98484     34.8850
   437.137     440.907      0.8049     2.98453     34.8844
   437.618     441.393      0.8042     2.98429     34.8817
   438.099     441.878      0.8028     2.98412     34.8809
   438.579     442.363      0.8001     2.98404     34.8825
   439.062     442.850      0.7994     2.98401     34.8827
   439.547     443.340      0.7966     2.98375     34.8822
   440.035     443.833      0.7894     2.98311     34.8817
   440.527     444.330      0.7856     2.98244     34.8770
   441.021     444.828      0.7815     2.98202     34.8759
   441.514     445.326      0.7724     2.98179     34.8827
   442.007     445.824      0.7700     2.98167     34.8836
   442.498     446.320      0.7712     2.98172     34.8826
   442.987     446.813      0.7714     2.98183     34.8835
   443.474     447.305      0.7712     2.98184     34.8836
   443.962     447.798      0.7705     2.98176     34.8831
   444.448     448.289      0.7688     2.98164     34.8832
   444.935     448.780      0.7700     2.98149     34.8796
   445.421     449.271      0.7678     2.98134     34.8797
   445.906     449.761      0.7640     2.98125     34.8826
   446.389     450.248      0.7633     2.98128     34.8835
   446.867     450.731      0.7597     2.98122     34.8864
   447.341     451.210      0.7575     2.98097     34.8854
   447.813     451.686      0.7551     2.98047     34.8813
   448.283     452.161      0.7481     2.97972     34.8791
   448.757     452.639      0.7417     2.97904     34.8772
   449.232     453.119      0.7376     2.97869     34.8770
   449.710     453.602      0.7343     2.97855     34.8786
   450.193     454.089      0.7336     2.97846     34.8780
   450.680     454.581      0.7317     2.97834     34.8782
   451.172     455.078      0.7278     2.97812     34.8795
   451.666     455.577      0.7254     2.97780     34.8777
   452.163     456.078      0.7230     2.97737     34.8745
   452.660     456.580      0.7182     2.97701     34.8749
   453.157     457.082      0.7132     2.97687     34.8784
   453.653     457.583      0.7132     2.97687     34.8781
   454.148     458.083      0.7132     2.97695     34.8789
   454.642     458.581      0.7122     2.97706     34.8811
   455.129     459.073      0.7108     2.97698     34.8813
   455.611     459.560      0.7098     2.97671     34.8787
   456.095     460.049      0.7065     2.97638     34.8779
   456.585     460.543      0.7026     2.97606     34.8778
   457.078     461.041      0.7012     2.97587     34.8766
   457.570     461.538      0.6993     2.97585     34.8782
   458.060     462.033      0.6964     2.97588     34.8815
   458.551     462.528      0.6959     2.97584     34.8813
   459.044     463.026      0.6942     2.97568     34.8808
   459.536     463.523      0.6923     2.97541     34.8791
   460.028     464.020      0.6902     2.97517     34.8781
   460.520     464.517      0.6870     2.97503     34.8796
   461.009     465.010      0.6856     2.97492     34.8794
   461.492     465.498      0.6851     2.97484     34.8787
   461.975     465.986      0.6830     2.97482     34.8805
   462.461     466.477      0.6808     2.97470     34.8811
   462.952     466.972      0.6798     2.97443     34.8784
   463.446     467.471      0.6774     2.97418     34.8776
   463.938     467.968      0.6750     2.97400     34.8777
   464.426     468.461      0.6717     2.97376     34.8780
   464.915     468.955      0.6688     2.97353     34.8780
   465.409     469.453      0.6674     2.97349     34.8786
   465.905     469.954      0.6647     2.97350     34.8816
   466.402     470.456      0.6645     2.97343     34.8805
   466.897     470.956      0.6638     2.97324     34.8786
   467.392     471.456      0.6621     2.97304     34.8777
   467.887     471.956      0.6604     2.97296     34.8782
   468.383     472.457      0.6563     2.97295     34.8823
   468.878     472.956      0.6566     2.97296     34.8818
   469.371     473.454      0.6575     2.97300     34.8811
   469.862     473.950      0.6563     2.97307     34.8831
   470.354     474.447      0.6556     2.97303     34.8830
   470.844     474.942      0.6556     2.97284     34.8803
   471.335     475.437      0.6546     2.97260     34.8780
   471.826     475.933      0.6522     2.97240     34.8779
   472.314     476.426      0.6503     2.97232     34.8786
   472.799     476.916      0.6482     2.97235     34.8811
   473.281     477.403      0.6455     2.97238     34.8842
   473.764     477.890      0.6458     2.97235     34.8832
   474.246     478.377      0.6477     2.97228     34.8798
   474.728     478.864      0.6479     2.97220     34.8783
   475.208     479.348      0.6467     2.97212     34.8783
   475.689     479.834      0.6460     2.97204     34.8778
   476.175     480.325      0.6450     2.97200     34.8782
   476.664     480.819      0.6441     2.97204     34.8793
   477.154     481.314      0.6443     2.97208     34.8793
   477.645     481.809      0.6426     2.97203     34.8803
   478.137     482.306      0.6402     2.97186     34.8805
   478.632     482.806      0.6374     2.97155     34.8793
   479.125     483.304      0.6347     2.97127     34.8785
   479.615     483.799      0.6325     2.97118     34.8794
   480.102     484.291      0.6308     2.97121     34.8815
   480.587     484.780      0.6310     2.97128     34.8819
   481.070     485.268      0.6293     2.97124     34.8830
   481.554     485.757      0.6274     2.97109     34.8829
   482.038     486.246      0.6262     2.97101     34.8829
   482.527     486.739      0.6255     2.97096     34.8827
   483.016     487.233      0.6245     2.97088     34.8826
   483.504     487.726      0.6231     2.97081     34.8829
   483.991     488.218      0.6231     2.97078     34.8822
   484.478     488.710      0.6236     2.97085     34.8822
   484.964     489.201      0.6238     2.97087     34.8820
   485.450     489.691      0.6221     2.97068     34.8811
   485.934     490.180      0.6197     2.97037     34.8795
   486.419     490.670      0.6169     2.97013     34.8792
   486.905     491.161      0.6137     2.97007     34.8818
   487.388     491.648      0.6123     2.97010     34.8834
   487.869     492.134      0.6118     2.97007     34.8833
   488.351     492.621      0.6116     2.97007     34.8833
   488.836     493.111      0.6123     2.97010     34.8826
   489.324     493.604      0.6118     2.97002     34.8819
   489.817     494.101      0.6101     2.96986     34.8814
   490.312     494.601      0.6082     2.96965     34.8806
   490.813     495.107      0.6065     2.96942     34.8791
   491.323     495.622      0.6037     2.96925     34.8798
   491.839     496.143      0.6012     2.96920     34.8816
   492.359     496.669      0.6004     2.96918     34.8820
   492.887     497.202      0.5996     2.96914     34.8820
   493.424     497.744      0.5991     2.96909     34.8816
   493.960     498.285      0.5981     2.96901     34.8813
   494.487     498.818      0.5957     2.96887     34.8820
   495.005     499.341      0.5943     2.96876     34.8817
   495.517     499.858      0.5938     2.96872     34.8815
   496.021     500.367      0.5936     2.96876     34.8819
   496.521     500.872      0.5943     2.96883     34.8818
   497.018     501.374      0.5938     2.96883     34.8821
   497.510     501.871      0.5931     2.96876     34.8817
   497.999     502.365      0.5927     2.96873     34.8814
   498.488     502.858      0.5915     2.96872     34.8823
   498.977     503.352      0.5908     2.96868     34.8823
   499.466     503.846      0.5898     2.96864     34.8827
   499.952     504.337      0.5879     2.96868     34.8849
   500.434     504.824      0.5886     2.96871     34.8843
   500.916     505.311      0.5894     2.96868     34.8827
   501.401     505.800      0.5886     2.96860     34.8823
   501.888     506.292      0.5894     2.96853     34.8802
   502.374     506.783      0.5862     2.96844     34.8823
   502.857     507.271      0.5853     2.96836     34.8820
   503.341     507.760      0.5850     2.96828     34.8811
   503.823     508.246      0.5841     2.96828     34.8817
   504.302     508.730      0.5834     2.96831     34.8827
   504.780     509.213      0.5817     2.96832     34.8844
   505.256     509.694      0.5824     2.96835     34.8838
   505.733     510.175      0.5824     2.96835     34.8835
   506.210     510.657      0.5810     2.96829     34.8839
   506.688     511.140      0.5803     2.96833     34.8849
   507.167     511.624      0.5825     2.96844     34.8837
   507.650     512.112      0.5835     2.96845     34.8824
   508.136     512.602      0.5839     2.96846     34.8817
   508.620     513.091      0.5820     2.96843     34.8832
   509.102     513.578      0.5808     2.96819     34.8812
   509.583     514.064      0.5782     2.96784     34.8793
   510.062     514.548      0.5729     2.96763     34.8821
   510.536     515.026      0.5693     2.96756     34.8851
   511.003     515.498      0.5693     2.96752     34.8843
   511.462     515.962      0.5683     2.96745     34.8841
   511.916     516.420      0.5674     2.96741     34.8844
   512.363     516.872      0.5681     2.96745     34.8839
   512.808     517.321      0.5681     2.96752     34.8846
   513.252     517.770      0.5676     2.96752     34.8849
   513.700     518.222      0.5669     2.96745     34.8844
   514.152     518.679      0.5664     2.96736     34.8836
   514.605     519.136      0.5638     2.96724     34.8846
   515.056     519.592      0.5609     2.96707     34.8855
   515.505     520.045      0.5609     2.96696     34.8837
   515.952     520.497      0.5609     2.96692     34.8829
   516.401     520.950      0.5600     2.96691     34.8835
   516.851     521.405      0.5591     2.96687     34.8837
   517.306     521.864      0.5593     2.96679     34.8823
   517.765     522.328      0.5586     2.96675     34.8822
   518.228     522.795      0.5576     2.96670     34.8824
   518.688     523.260      0.5543     2.96653     34.8837
   519.144     523.721      0.5519     2.96634     34.8836
   519.598     524.179      0.5516     2.96626     34.8827
   520.051     524.637      0.5516     2.96630     34.8829
   520.508     525.098      0.5548     2.96647     34.8813
   520.965     525.560      0.5552     2.96670     34.8835
   521.424     526.023      0.5533     2.96673     34.8858
   521.883     526.487      0.5516     2.96655     34.8851
   522.342     526.951      0.5502     2.96643     34.8848
   522.800     527.413      0.5497     2.96637     34.8844
   523.251     527.869      0.5480     2.96625     34.8845
   523.700     528.322      0.5456     2.96613     34.8852
   524.147     528.774      0.5437     2.96599     34.8854
   524.598     529.229      0.5411     2.96579     34.8854
   525.051     529.687      0.5377     2.96558     34.8862
   525.506     530.146      0.5370     2.96541     34.8845
   525.959     530.604      0.5356     2.96521     34.8831
   526.410     531.060      0.5315     2.96496     34.8843
   526.863     531.517      0.5296     2.96479     34.8840
   527.315     531.974      0.5286     2.96466     34.8830
   527.768     532.431      0.5236     2.96441     34.8852
   528.224     532.892      0.5204     2.96413     34.8849
   528.681     533.353      0.5195     2.96398     34.8836
   529.139     533.816      0.5198     2.96400     34.8834
   529.596     534.278      0.5225     2.96445     34.8859
   530.049     534.735      0.5299     2.96518     34.8868
   530.499     535.190      0.5330     2.96552     34.8875
   530.950     535.645      0.5328     2.96548     34.8869
   531.402     536.102      0.5335     2.96540     34.8848
   531.856     536.560      0.5316     2.96523     34.8845
   532.311     537.020      0.5277     2.96498     34.8853
   532.769     537.483      0.5239     2.96468     34.8855
   533.230     537.948      0.5198     2.96436     34.8856
   533.686     538.409      0.5181     2.96416     34.8846
   534.137     538.864      0.5157     2.96410     34.8863
   534.584     539.316      0.5153     2.96409     34.8864
   535.035     539.772      0.5162     2.96405     34.8845
   535.495     540.236      0.5141     2.96390     34.8847
   535.959     540.705      0.5119     2.96380     34.8856
   536.425     541.176      0.5133     2.96400     34.8863
   536.887     541.642      0.5175     2.96440     34.8865
   537.344     542.104      0.5209     2.96468     34.8861
   537.797     542.561      0.5216     2.96478     34.8863
   538.246     543.015      0.5221     2.96479     34.8857
   538.695     543.468      0.5223     2.96479     34.8851
   539.144     543.922      0.5206     2.96473     34.8860
   539.596     544.379      0.5182     2.96453     34.8858
   540.050     544.837      0.5149     2.96421     34.8851
   540.503     545.295      0.5120     2.96400     34.8854
   540.952     545.748      0.5110     2.96391     34.8850
   541.397     546.198      0.5096     2.96382     34.8852
   541.843     546.648      0.5096     2.96378     34.8844
   542.291     547.101      0.5091     2.96373     34.8841
   542.743     547.558      0.5070     2.96361     34.8846
   543.198     548.017      0.5043     2.96345     34.8853
   543.655     548.479      0.5041     2.96333     34.8837
   544.113     548.941      0.5038     2.96329     34.8832
   544.567     549.400      0.5019     2.96328     34.8850
   545.019     549.857      0.5022     2.96329     34.8844
   545.472     550.314      0.5031     2.96329     34.8831
   545.923     550.770      0.5010     2.96324     34.8846
   546.376     551.227      0.4988     2.96317     34.8859
   546.828     551.684      0.4983     2.96317     34.8862
   547.282     552.143      0.4990     2.96324     34.8860
   547.738     552.603      0.5006     2.96320     34.8835
   548.194     553.064      0.4990     2.96304     34.8829
   548.648     553.522      0.4974     2.96291     34.8828
   549.097     553.976      0.4959     2.96285     34.8834
   549.544     554.428      0.4938     2.96280     34.8849
   549.994     554.882      0.4911     2.96274     34.8868
   550.447     555.340      0.4899     2.96262     34.8863
   550.902     555.799      0.4882     2.96250     34.8864
   551.358     556.260      0.4863     2.96236     34.8865
   551.813     556.720      0.4856     2.96217     34.8845
   552.266     557.177      0.4842     2.96197     34.8832
   552.714     557.630      0.4815     2.96184     34.8842
   553.164     558.084      0.4798     2.96175     34.8847
   553.617     558.542      0.4774     2.96161     34.8854
   554.074     559.004      0.4750     2.96140     34.8850
   554.535     559.469      0.4712     2.96103     34.8842
   554.993     559.932      0.4657     2.96055     34.8839
   555.446     560.390      0.4618     2.96022     34.8837
   555.897     560.845      0.4598     2.96013     34.8845
   556.347     561.300      0.4591     2.96012     34.8849
   556.798     561.755      0.4591     2.96008     34.8841
   557.248     562.210      0.4577     2.96001     34.8844
   557.700     562.667      0.4560     2.95996     34.8855
   558.155     563.126      0.4562     2.95996     34.8850
   558.611     563.587      0.4569     2.95997     34.8840
   559.067     564.048      0.4581     2.95993     34.8819
   559.524     564.509      0.4548     2.95981     34.8838
   559.974     564.964      0.4519     2.95969     34.8852
   560.423     565.417      0.4509     2.95960     34.8849
   560.870     565.869      0.4490     2.95951     34.8856
   561.320     566.324      0.4473     2.95938     34.8856
   561.776     566.784      0.4449     2.95914     34.8849
   562.232     567.245      0.4425     2.95890     34.8842
   562.687     567.705      0.4406     2.95873     34.8838
   563.140     568.162      0.4375     2.95852     34.8843
   563.590     568.617      0.4343     2.95831     34.8849
   564.038     569.069      0.4340     2.95815     34.8829
   564.487     569.523      0.4312     2.95798     34.8836
   564.939     569.980      0.4280     2.95782     34.8847
   565.393     570.438      0.4261     2.95765     34.8844
   565.847     570.897      0.4249     2.95749     34.8834
   566.301     571.356      0.4232     2.95733     34.8829
   566.755     571.814      0.4213     2.95721     34.8832
   567.207     572.271      0.4206     2.95713     34.8827
   567.658     572.727      0.4206     2.95709     34.8820
   568.112     573.185      0.4201     2.95712     34.8826
   568.565     573.643      0.4180     2.95707     34.8840
   569.020     574.102      0.4158     2.95683     34.8832
   569.477     574.564      0.4148     2.95656     34.8805
   569.935     575.027      0.4120     2.95634     34.8805
   570.390     575.487      0.4074     2.95613     34.8827
   570.843     575.944      0.4037     2.95593     34.8840
   571.292     576.398      0.4037     2.95585     34.8826
   571.738     576.848      0.4032     2.95584     34.8828
   572.184     577.299      0.4025     2.95580     34.8828
   572.632     577.752      0.4011     2.95572     34.8831
   573.086     578.210      0.3984     2.95559     34.8842
   573.543     578.672      0.3972     2.95540     34.8828
   574.000     579.134      0.3955     2.95524     34.8823
   574.454     579.592      0.3946     2.95519     34.8824
   574.902     580.045      0.3943     2.95515     34.8819
   575.348     580.496      0.3924     2.95503     34.8823
   575.797     580.949      0.3907     2.95491     34.8824
   576.246     581.403      0.3893     2.95486     34.8830
   576.698     581.859      0.3893     2.95478     34.8817
   577.149     582.315      0.3888     2.95464     34.8801
   577.600     582.771      0.3866     2.95455     34.8812
   578.050     583.225      0.3849     2.95454     34.8827
   578.496     583.676      0.3851     2.95455     34.8823
   578.941     584.126      0.3849     2.95455     34.8822
   579.388     584.577      0.3832     2.95450     34.8833
   579.838     585.032      0.3801     2.95438     34.8849
   580.295     585.493      0.3803     2.95422     34.8824
   580.753     585.956      0.3791     2.95411     34.8819
   581.209     586.417      0.3784     2.95406     34.8819
   581.660     586.873      0.3774     2.95406     34.8827
   582.108     587.325      0.3770     2.95406     34.8829
   582.555     587.777      0.3774     2.95402     34.8816
   583.005     588.231      0.3750     2.95389     34.8825
   583.458     588.689      0.3717     2.95372     34.8837
   583.914     589.150      0.3688     2.95352     34.8840
   584.372     589.613      0.3683     2.95332     34.8817
   584.831     590.076      0.3666     2.95320     34.8817
   585.283     590.533      0.3656     2.95311     34.8815
   585.729     590.984      0.3653     2.95308     34.8811
   586.175     591.434      0.3639     2.95312     34.8829
   586.623     591.887      0.3634     2.95319     34.8842
   587.072     592.340      0.3622     2.95319     34.8852
   587.522     592.795      0.3620     2.95307     34.8836
   587.975     593.253      0.3613     2.95287     34.8815
   588.429     593.711      0.3577     2.95262     34.8821
   588.876     594.163      0.3541     2.95241     34.8831
   589.316     594.608      0.3509     2.95221     34.8838
   589.749     595.045      0.3500     2.95205     34.8825
   590.175     595.476      0.3517     2.95205     34.8803
   590.598     595.903      0.3531     2.95209     34.8791
   591.016     596.325      0.3517     2.95213     34.8809
   591.426     596.740      0.3505     2.95217     34.8825
   591.827     597.145      0.3509     2.95213     34.8813
   592.217     597.539      0.3485     2.95205     34.8827
   592.587     597.913      0.3470     2.95193     34.8827
   592.926     598.255      0.3465     2.95186     34.8821
   593.221     598.553      0.3458     2.95189     34.8831
   593.464     598.799      0.3458     2.95193     34.8835
   593.654     598.991      0.3458     2.95193     34.8834
   593.800     599.138      0.3458     2.95190     34.8828
   593.912     599.251      0.3458     2.95186     34.8823
   594.002     599.342      0.3458     2.95186     34.8822
   594.074     599.415      0.3453     2.95182     34.8822
   594.130     599.472      0.3451     2.95179     34.8820
   594.170     599.512      0.3458     2.95179     34.8812
   594.191     599.533      0.3458     2.95179     34.8812
   594.194     599.536      0.3463     2.95179     34.8806
