North Pole Environmental Observatory   ÑÑÑ   2002 Aerial CTD Survey
Cast 5 (Helo-4)     88deg 16.3'N _ 140deg 51.7'E   4/23/2002 _ 1626 UTC

  Depth(m)  Pres(dbar)    Temp(degC)   Cond(S/m)    Sal(psu)
#
     1.064       1.072     -1.7272     2.50121     31.4528
     1.075       1.083     -1.7282     2.50121     31.4538
     1.099       1.107     -1.7291     2.50120     31.4547
     1.134       1.143     -1.7283     2.50120     31.4538
     1.184       1.193     -1.7278     2.50120     31.4532
     1.248       1.257     -1.7275     2.50120     31.4528
     1.333       1.343     -1.7282     2.50119     31.4534
     1.443       1.454     -1.7277     2.50119     31.4528
     1.585       1.597     -1.7264     2.50119     31.4514
     1.767       1.780     -1.7266     2.50119     31.4514
     1.997       2.012     -1.7281     2.50118     31.4528
     2.286       2.303     -1.7285     2.50122     31.4535
     2.637       2.657     -1.7277     2.50126     31.4530
     3.050       3.073     -1.7255     2.50126     31.4505
     3.507       3.534     -1.7259     2.50126     31.4505
     3.986       4.016     -1.7266     2.50125     31.4509
     4.467       4.501     -1.7266     2.50129     31.4511
     4.942       4.980     -1.7271     2.50132     31.4518
     5.415       5.456     -1.7278     2.50132     31.4523
     5.880       5.925     -1.7272     2.50132     31.4514
     6.338       6.386     -1.7259     2.50136     31.4503
     6.788       6.840     -1.7257     2.50143     31.4508
     7.230       7.285     -1.7259     2.50147     31.4512
     7.666       7.724     -1.7256     2.50147     31.4507
     8.100       8.162     -1.7263     2.50147     31.4511
     8.537       8.602     -1.7262     2.50147     31.4507
     8.978       9.046     -1.7262     2.50150     31.4510
     9.422       9.494     -1.7257     2.50157     31.4511
     9.876       9.951     -1.7259     2.50161     31.4516
    10.340      10.419     -1.7263     2.50157     31.4512
    10.816      10.898     -1.7263     2.50153     31.4504
    11.298      11.384     -1.7270     2.50156     31.4512
    11.789      11.879     -1.7247     2.50160     31.4490
    12.285      12.379     -1.7247     2.50156     31.4481
    12.784      12.882     -1.7241     2.50148     31.4461
    13.286      13.387     -1.7244     2.50148     31.4461
    13.786      13.891     -1.7248     2.50150     31.4465
    14.287      14.396     -1.7228     2.50146     31.4436
    14.791      14.904     -1.7225     2.50138     31.4418
    15.298      15.415     -1.7232     2.50130     31.4411
    15.808      15.929     -1.7232     2.50125     31.4402
    16.318      16.443     -1.7231     2.50124     31.4397
    16.828      16.957     -1.7231     2.50124     31.4394
    17.340      17.472     -1.7225     2.50128     31.4389
    17.855      17.991     -1.7223     2.50135     31.4394
    18.375      18.515     -1.7230     2.50139     31.4403
    18.899      19.043     -1.7224     2.50139     31.4394
    19.420      19.568     -1.7216     2.50139     31.4382
    19.937      20.089     -1.7221     2.50142     31.4389
    20.451      20.607     -1.7223     2.50146     31.4393
    20.964      21.124     -1.7220     2.50146     31.4387
    21.472      21.636     -1.7222     2.50149     31.4391
    21.974      22.142     -1.7225     2.50153     31.4396
    22.474      22.646     -1.7234     2.50157     31.4407
    22.977      23.153     -1.7226     2.50164     31.4406
    23.476      23.656     -1.7226     2.50168     31.4408
    23.972      24.156     -1.7225     2.50168     31.4405
    24.468      24.655     -1.7220     2.50172     31.4402
    24.966      25.157     -1.7222     2.50179     31.4411
    25.464      25.659     -1.7232     2.50187     31.4429
    25.963      26.162     -1.7229     2.50195     31.4433
    26.462      26.665     -1.7231     2.50199     31.4438
    26.960      27.167     -1.7223     2.50204     31.4433
    27.459      27.669     -1.7228     2.50219     31.4457
    27.958      28.172     -1.7230     2.50240     31.4484
    28.458      28.676     -1.7227     2.50269     31.4519
    28.959      29.181     -1.7234     2.50357     31.4644
    29.459      29.685     -1.7234     2.50481     31.4813
    29.955      30.185     -1.7238     2.50545     31.4902
    30.448      30.682     -1.7240     2.50574     31.4941
    30.942      31.179     -1.7232     2.50681     31.5078
    31.439      31.680     -1.7232     2.50913     31.5395
    31.936      32.181     -1.7222     2.51367     31.6008
    32.434      32.683     -1.7206     2.52252     31.7210
    32.934      33.187     -1.7201     2.53170     31.8469
    33.433      33.690     -1.7188     2.53543     31.8967
    33.930      34.191     -1.7170     2.53848     31.9367
    34.426      34.690     -1.7158     2.54582     32.0366
    34.920      35.188     -1.7166     2.55440     32.1558
    35.417      35.689     -1.7174     2.56163     32.2563
    35.918      36.194     -1.7154     2.56793     32.3410
    36.424      36.704     -1.7122     2.57232     32.3980
    36.933      37.217     -1.7139     2.57421     32.4257
    37.444      37.732     -1.7154     2.57703     32.4661
    37.956      38.248     -1.7154     2.58187     32.5327
    38.467      38.763     -1.7154     2.58598     32.5894
    38.978      39.278     -1.7159     2.58868     32.6270
    39.489      39.793     -1.7176     2.59062     32.6554
    40.001      40.309     -1.7176     2.59228     32.6781
    40.513      40.825     -1.7169     2.59426     32.7045
    41.026      41.342     -1.7191     2.59622     32.7337
    41.542      41.862     -1.7191     2.59812     32.7597
    42.057      42.381     -1.7201     2.60001     32.7867
    42.569      42.897     -1.7216     2.60158     32.8098
    43.078      43.410     -1.7216     2.60369     32.8388
    43.587      43.923     -1.7226     2.60728     32.8894
    44.098      44.438     -1.7251     2.61134     32.9482
    44.607      44.951     -1.7265     2.61513     33.0021
    45.114      45.462     -1.7270     2.61994     33.0690
    45.620      45.972     -1.7283     2.62426     33.1301
    46.125      46.481     -1.7300     2.62593     33.1549
    46.626      46.985     -1.7305     2.62746     33.1764
    47.123      47.486     -1.7305     2.62972     33.2075
    47.623      47.990     -1.7332     2.63122     33.2311
    48.122      48.493     -1.7335     2.63260     33.2502
    48.617      48.992     -1.7327     2.63478     33.2792
    49.109      49.488     -1.7327     2.63737     33.3149
    49.599      49.982     -1.7322     2.63926     33.3404
    50.088      50.475     -1.7320     2.64050     33.3571
    50.578      50.968     -1.7322     2.64189     33.3764
    51.066      51.460     -1.7314     2.64375     33.4010
    51.555      51.953     -1.7309     2.64542     33.4233
    52.047      52.449     -1.7307     2.64630     33.4350
    52.540      52.946     -1.7299     2.64737     33.4486
    53.034      53.444     -1.7277     2.64895     33.4678
    53.528      53.942     -1.7277     2.65041     33.4878
    54.023      54.440     -1.7267     2.65159     33.5027
    54.516      54.937     -1.7247     2.65271     33.5158
    55.005      55.430     -1.7234     2.65427     33.5357
    55.495      55.924     -1.7222     2.65586     33.5562
    55.984      56.417     -1.7199     2.65661     33.5637
    56.471      56.908     -1.7181     2.65730     33.5709
    56.959      57.400     -1.7184     2.65854     33.5881
    57.448      57.892     -1.7161     2.65968     33.6011
    57.934      58.382     -1.7124     2.66064     33.6100
    58.416      58.868     -1.7101     2.66184     33.6237
    58.897      59.353     -1.7091     2.66365     33.6474
    59.377      59.837     -1.7056     2.66534     33.6666
    59.859      60.322     -1.7021     2.66614     33.6735
    60.342      60.809     -1.7004     2.66699     33.6831
    60.828      61.299     -1.6989     2.66851     33.7022
    61.317      61.792     -1.6984     2.66991     33.7208
    61.806      62.285     -1.6961     2.67055     33.7268
    62.294      62.777     -1.6929     2.67098     33.7288
    62.785      63.271     -1.6914     2.67204     33.7416
    63.276      63.766     -1.6899     2.67335     33.7577
    63.766      64.260     -1.6871     2.67408     33.7644
    64.255      64.753     -1.6854     2.67452     33.7682
    64.746      65.248     -1.6834     2.67523     33.7755
    65.241      65.747     -1.6826     2.67597     33.7846
    65.736      66.246     -1.6811     2.67638     33.7883
    66.229      66.743     -1.6789     2.67687     33.7922
    66.723      67.241     -1.6779     2.67773     33.8027
    67.223      67.744     -1.6754     2.67857     33.8113
    67.722      68.247     -1.6739     2.67922     33.8182
    68.219      68.748     -1.6728     2.67995     33.8269
    68.717      69.250     -1.6694     2.68110     33.8387
    69.215      69.752     -1.6659     2.68226     33.8505
    69.712      70.253     -1.6621     2.68274     33.8524
    70.207      70.752     -1.6586     2.68305     33.8525
    70.704      71.253     -1.6591     2.68378     33.8628
    71.202      71.755     -1.6566     2.68450     33.8696
    71.699      72.256     -1.6531     2.68499     33.8722
    72.195      72.756     -1.6506     2.68562     33.8778
    72.692      73.257     -1.6494     2.68653     33.8886
    73.191      73.760     -1.6459     2.68733     33.8955
    73.690      74.263     -1.6431     2.68783     33.8989
    74.189      74.766     -1.6381     2.68885     33.9070
    74.691      75.272     -1.6326     2.69059     33.9247
    75.195      75.780     -1.6269     2.69205     33.9380
    75.700      76.289     -1.6219     2.69290     33.9439
    76.205      76.798     -1.6179     2.69380     33.9515
    76.710      77.307     -1.6134     2.69509     33.9639
    77.217      77.818     -1.6055     2.69611     33.9687
    77.721      78.326     -1.5977     2.69665     33.9670
    78.221      78.830     -1.5935     2.69743     33.9727
    78.719      79.332     -1.5918     2.69843     33.9842
    79.216      79.833     -1.5893     2.69904     33.9896
    79.712      80.333     -1.5858     2.69931     33.9889
    80.209      80.834     -1.5828     2.69973     33.9910
    80.706      81.335     -1.5818     2.70042     33.9991
    81.203      81.836     -1.5783     2.70099     34.0028
    81.699      82.336     -1.5743     2.70144     34.0041
    82.196      82.837     -1.5718     2.70244     34.0148
    82.695      83.340     -1.5673     2.70380     34.0282
    83.193      83.842     -1.5598     2.70442     34.0278
    83.692      84.345     -1.5544     2.70457     34.0235
    84.191      84.847     -1.5519     2.70524     34.0295
    84.687      85.347     -1.5484     2.70611     34.0373
    85.181      85.845     -1.5449     2.70660     34.0397
    85.676      86.344     -1.5427     2.70700     34.0424
    86.175      86.847     -1.5389     2.70800     34.0517
    86.681      87.357     -1.5317     2.70943     34.0630
    87.190      87.870     -1.5207     2.71040     34.0634
    87.697      88.382     -1.5145     2.71124     34.0676
    88.205      88.894     -1.5095     2.71247     34.0786
    88.709      89.402     -1.5013     2.71332     34.0807
    89.212      89.909     -1.4959     2.71397     34.0832
    89.715      90.416     -1.4919     2.71510     34.0939
    90.219      90.924     -1.4837     2.71613     34.0985
    90.722      91.431     -1.4745     2.71670     34.0955
    91.223      91.936     -1.4698     2.71732     34.0983
    91.722      92.439     -1.4668     2.71806     34.1048
    92.222      92.943     -1.4620     2.71859     34.1064
    92.723      93.448     -1.4583     2.71930     34.1116
    93.222      93.951     -1.4548     2.72064     34.1258
    93.721      94.454     -1.4417     2.72217     34.1316
    94.222      94.959     -1.4256     2.72342     34.1301
    94.724      95.465     -1.4153     2.72462     34.1346
    95.227      95.972     -1.4050     2.72577     34.1384
    95.729      96.478     -1.3938     2.72680     34.1395
    96.230      96.983     -1.3819     2.72797     34.1417
    96.731      97.488     -1.3717     2.72965     34.1528
    97.229      97.990     -1.3631     2.73130     34.1655
    97.725      98.490     -1.3579     2.73182     34.1664
    98.221      98.990     -1.3569     2.73186     34.1654
    98.720      99.493     -1.3559     2.73223     34.1691
    99.219      99.996     -1.3582     2.73232     34.1727
    99.714     100.495     -1.3619     2.73204     34.1727
   100.208     100.993     -1.3646     2.73200     34.1750
   100.705     101.494     -1.3649     2.73241     34.1806
   101.204     101.997     -1.3636     2.73296     34.1864
   101.704     102.501     -1.3614     2.73342     34.1899
   102.205     103.006     -1.3572     2.73427     34.1964
   102.710     103.515     -1.3473     2.73570     34.2046
   103.217     104.026     -1.3344     2.73682     34.2048
   103.722     104.536     -1.3297     2.73740     34.2072
   104.228     105.046     -1.3253     2.73828     34.2140
   104.733     105.555     -1.3178     2.73928     34.2187
   105.236     106.062     -1.3104     2.73994     34.2191
   105.739     106.569     -1.3025     2.74105     34.2250
   106.243     107.077     -1.2919     2.74289     34.2378
   106.749     107.587     -1.2748     2.74445     34.2395
   107.257     108.099     -1.2595     2.74548     34.2358
   107.763     108.609     -1.2521     2.74722     34.2509
   108.268     109.118     -1.2335     2.74984     34.2653
   108.771     109.625     -1.2083     2.75178     34.2627
   109.274     110.133     -1.1942     2.75373     34.2730
   109.780     110.643     -1.1750     2.75724     34.2989
   110.286     111.153     -1.1399     2.76033     34.3008
   110.791     111.662     -1.1216     2.76091     34.2874
   111.295     112.170     -1.1201     2.76063     34.2817
   111.802     112.681     -1.1117     2.76102     34.2771
   112.311     113.194     -1.1058     2.76116     34.2718
   112.822     113.709     -1.1058     2.76080     34.2666
   113.333     114.224     -1.1064     2.76063     34.2647
   113.843     114.739     -1.1071     2.76085     34.2681
   114.351     115.251     -1.1066     2.76138     34.2745
   114.859     115.763     -1.1029     2.76236     34.2833
   115.369     116.277     -1.0945     2.76345     34.2884
   115.880     116.792     -1.0852     2.76409     34.2861
   116.388     117.304     -1.0785     2.76510     34.2920
   116.894     117.814     -1.0679     2.76711     34.3071
   117.398     118.323     -1.0480     2.76893     34.3089
   117.901     118.830     -1.0339     2.76994     34.3063
   118.401     119.334     -1.0241     2.77136     34.3141
   118.902     119.839     -1.0061     2.77332     34.3201
   119.405     120.346     -0.9888     2.77441     34.3149
   119.914     120.859     -0.9837     2.77494     34.3159
   120.427     121.376     -0.9771     2.77603     34.3229
   120.939     121.892     -0.9655     2.77723     34.3257
   121.448     122.406     -0.9566     2.77813     34.3275
   121.959     122.921     -0.9495     2.77943     34.3368
   122.472     123.438     -0.9347     2.78107     34.3419
   122.985     123.955     -0.9216     2.78206     34.3401
   123.498     124.472     -0.9158     2.78306     34.3468
   124.009     124.988     -0.9035     2.78468     34.3545
   124.519     125.502     -0.8863     2.78584     34.3503
   125.025     126.012     -0.8767     2.78676     34.3517
   125.529     126.520     -0.8661     2.78845     34.3622
   126.032     127.027     -0.8462     2.79010     34.3617
   126.535     127.534     -0.8332     2.79078     34.3558
   127.038     128.041     -0.8278     2.79136     34.3571
   127.539     128.546     -0.8187     2.79235     34.3599
   128.041     129.053     -0.8082     2.79300     34.3565
   128.546     129.562     -0.8030     2.79369     34.3596
   129.052     130.072     -0.7939     2.79515     34.3688
   129.557     130.581     -0.7792     2.79648     34.3697
   130.062     131.090     -0.7711     2.79688     34.3656
   130.566     131.598     -0.7675     2.79741     34.3684
   131.070     132.106     -0.7594     2.79855     34.3743
   131.572     132.613     -0.7471     2.79948     34.3726
   132.075     133.120     -0.7410     2.80031     34.3766
   132.577     133.626     -0.7351     2.80158     34.3867
   133.081     134.134     -0.7221     2.80292     34.3897
   133.584     134.641     -0.7091     2.80405     34.3899
   134.086     135.147     -0.6996     2.80545     34.3978
   134.588     135.653     -0.6870     2.80717     34.4064
   135.088     136.157     -0.6738     2.80867     34.4113
   135.585     136.659     -0.6613     2.81039     34.4200
   136.084     137.162     -0.6403     2.81252     34.4246
   136.584     137.666     -0.6185     2.81403     34.4199
   137.083     138.169     -0.6100     2.81520     34.4257
   137.582     138.672     -0.5945     2.81674     34.4286
   138.082     139.176     -0.5732     2.81792     34.4199
   138.584     139.682     -0.5600     2.81905     34.4199
   139.086     140.188     -0.5441     2.82073     34.4242
   139.586     140.693     -0.5273     2.82242     34.4275
   140.086     141.197     -0.5200     2.82396     34.4396
   140.586     141.701     -0.5102     2.82527     34.4458
   141.089     142.208     -0.4977     2.82594     34.4404
   141.591     142.714     -0.4877     2.82648     34.4360
   142.093     143.220     -0.4753     2.82810     34.4433
   142.598     143.729     -0.4555     2.83048     34.4525
   143.105     144.241     -0.4389     2.83225     34.4572
   143.615     144.755     -0.4294     2.83371     34.4657
   144.126     145.270     -0.4160     2.83548     34.4739
   144.636     145.784     -0.3984     2.83712     34.4757
   145.147     146.300     -0.3776     2.83852     34.4705
   145.659     146.816     -0.3552     2.84020     34.4673
   146.170     147.331     -0.3402     2.84257     34.4817
   146.678     147.843     -0.3267     2.84549     34.5052
   147.186     148.355     -0.3065     2.84821     34.5184
   147.695     148.869     -0.2890     2.84985     34.5201
   148.204     149.382     -0.2685     2.85060     34.5066
   148.713     149.895     -0.2354     2.85190     34.4863
   149.226     150.412     -0.2073     2.85432     34.4864
   149.740     150.931     -0.1980     2.85701     34.5114
   150.254     151.449     -0.1888     2.85958     34.5350
   150.770     151.969     -0.1715     2.86161     34.5422
   151.287     152.490     -0.1536     2.86285     34.5381
   151.804     153.012     -0.1373     2.86436     34.5395
   152.322     153.534     -0.1198     2.86680     34.5519
   152.841     154.057     -0.0987     2.86989     34.5687
   153.359     154.580     -0.0722     2.87308     34.5809
   153.881     155.106     -0.0482     2.87523     34.5820
   154.403     155.632     -0.0271     2.87627     34.5716
   154.921     156.155     -0.0019     2.87762     34.5607
   155.437     156.675      0.0232     2.88014     34.5656
   155.949     157.191      0.0482     2.88317     34.5772
   156.457     157.704      0.0690     2.88606     34.5917
   156.966     158.217      0.0845     2.88860     34.6075
   157.476     158.731      0.1015     2.89006     34.6073
   157.986     159.245      0.1184     2.89034     34.5916
   158.494     159.757      0.1372     2.89089     34.5774
   159.000     160.268      0.1561     2.89258     34.5781
   159.509     160.781      0.1677     2.89468     34.5924
   160.021     161.297      0.1754     2.89661     34.6089
   160.533     161.814      0.1858     2.89823     34.6183
   161.047     162.332      0.2006     2.89911     34.6129
   161.560     162.849      0.2175     2.89939     34.5973
   162.075     163.368      0.2363     2.90058     34.5915
   162.590     163.888      0.2507     2.90300     34.6068
   163.105     164.407      0.2616     2.90544     34.6264
   163.618     164.924      0.2794     2.90749     34.6331
   164.132     165.443      0.2944     2.90869     34.6316
   164.647     165.962      0.3098     2.90914     34.6199
   165.159     166.478      0.3200     2.90989     34.6180
   165.670     166.993      0.3318     2.91125     34.6223
   166.179     167.507      0.3421     2.91261     34.6283
   166.688     168.020      0.3510     2.91406     34.6370
   167.195     168.531      0.3643     2.91555     34.6413
   167.703     169.044      0.3790     2.91606     34.6312
   168.214     169.559      0.3963     2.91647     34.6168
   168.727     170.076      0.4134     2.91818     34.6197
   169.240     170.593      0.4286     2.92065     34.6347
   169.751     171.109      0.4386     2.92312     34.6555
   170.261     171.623      0.4456     2.92533     34.6763
   170.771     172.137      0.4591     2.92665     34.6782
   171.280     172.651      0.4709     2.92680     34.6666
   171.788     173.163      0.4803     2.92685     34.6563
   172.296     173.675      0.4908     2.92770     34.6553
   172.805     174.188      0.4961     2.92928     34.6698
   173.311     174.699      0.5069     2.93128     34.6835
   173.818     175.210      0.5230     2.93287     34.6858
   174.328     175.724      0.5347     2.93336     34.6789
   174.840     176.241      0.5472     2.93325     34.6631
   175.355     176.760      0.5626     2.93415     34.6572
   175.872     177.281      0.5724     2.93625     34.6734
   176.388     177.802      0.5782     2.93751     34.6830
   176.905     178.323      0.5825     2.93753     34.6782
   177.422     178.844      0.5830     2.93749     34.6767
   177.935     179.362      0.5851     2.93761     34.6756
   178.447     179.878      0.5883     2.93772     34.6732
   178.955     180.390      0.5902     2.93786     34.6726
   179.460     180.899      0.5914     2.93807     34.6737
   179.964     181.408      0.5931     2.93822     34.6734
   180.468     181.916      0.5940     2.93830     34.6731
   180.974     182.426      0.5947     2.93846     34.6742
   181.479     182.936      0.5998     2.93890     34.6739
   181.986     183.447      0.6060     2.93960     34.6757
   182.493     183.958      0.6094     2.94052     34.6836
   183.001     184.470      0.6129     2.94158     34.6932
   183.508     184.982      0.6201     2.94245     34.6962
   184.017     185.495      0.6282     2.94317     34.6962
   184.529     186.011      0.6388     2.94392     34.6938
   185.045     186.532      0.6503     2.94474     34.6913
   185.563     187.054      0.6592     2.94586     34.6956
   186.080     187.575      0.6671     2.94775     34.7110
   186.596     188.096      0.6793     2.94998     34.7261
   187.114     188.618      0.6922     2.95145     34.7305
   187.632     189.141      0.7049     2.95200     34.7230
   188.152     189.665      0.7234     2.95269     34.7110
   188.670     190.187      0.7428     2.95440     34.7112
   189.186     190.708      0.7528     2.95672     34.7298
   189.701     191.227      0.7588     2.95899     34.7523
   190.213     191.743      0.7703     2.96071     34.7614
   190.722     192.257      0.7885     2.96170     34.7537
   191.233     192.772      0.8148     2.96260     34.7356
   191.745     193.289      0.8365     2.96404     34.7297
   192.258     193.806      0.8480     2.96579     34.7391
   192.771     194.323      0.8585     2.96726     34.7462
   193.282     194.839      0.8633     2.96806     34.7508
   193.794     195.355      0.8699     2.96849     34.7487
   194.306     195.871      0.8791     2.96920     34.7473
   194.815     196.385      0.8869     2.96992     34.7477
   195.319     196.893      0.8926     2.97061     34.7499
   195.818     197.396      0.8986     2.97166     34.7565
   196.313     197.895      0.9062     2.97263     34.7602
   196.807     198.394      0.9086     2.97296     34.7615
   197.302     198.893      0.9089     2.97324     34.7645
   197.800     199.395      0.9131     2.97401     34.7695
   198.302     199.901      0.9212     2.97494     34.7721
   198.804     200.408      0.9289     2.97583     34.7747
   199.308     200.916      0.9351     2.97690     34.7814
   199.815     201.427      0.9425     2.97793     34.7861
   200.321     201.938      0.9504     2.97858     34.7853
   200.828     202.449      0.9592     2.97911     34.7821
   201.335     202.960      0.9661     2.97986     34.7838
   201.844     203.474      0.9735     2.98095     34.7893
   202.358     203.992      0.9814     2.98222     34.7965
   202.874     204.512      0.9916     2.98326     34.7983
   203.391     205.034      0.9997     2.98377     34.7955
   203.910     205.557      1.0057     2.98386     34.7896
   204.428     206.080      1.0121     2.98405     34.7847
   204.947     206.603      1.0183     2.98465     34.7852
   205.465     207.126      1.0235     2.98551     34.7901
   205.981     207.646      1.0295     2.98629     34.7932
   206.498     208.167      1.0340     2.98666     34.7926
   207.014     208.688      1.0364     2.98664     34.7893
   207.531     209.209      1.0397     2.98654     34.7841
   208.048     209.731      1.0430     2.98665     34.7815
   208.570     210.257      1.0437     2.98693     34.7841
   209.090     210.782      1.0437     2.98716     34.7867
   209.609     211.305      1.0451     2.98731     34.7867
   210.126     211.827      1.0473     2.98734     34.7844
   210.645     212.350      1.0482     2.98723     34.7816
   211.162     212.871      1.0496     2.98719     34.7792
   211.678     213.392      1.0496     2.98728     34.7801
   212.193     213.911      1.0501     2.98738     34.7805
   212.705     214.428      1.0508     2.98737     34.7793
   213.219     214.946      1.0489     2.98719     34.7788
   213.731     215.463      1.0451     2.98690     34.7789
   214.244     215.980      1.0418     2.98661     34.7787
   214.759     216.499      1.0399     2.98658     34.7800
   215.271     217.016      1.0422     2.98694     34.7819
   215.779     217.528      1.0446     2.98768     34.7884
   216.284     218.037      1.0473     2.98842     34.7946
   216.792     218.550      1.0505     2.98875     34.7950
   217.304     219.066      1.0536     2.98890     34.7932
   217.817     219.584      1.0593     2.98913     34.7895
   218.332     220.103      1.0650     2.98948     34.7873
   218.847     220.623      1.0684     2.99040     34.7950
   219.362     221.142      1.0758     2.99186     34.8053
   219.875     221.659      1.0812     2.99282     34.8113
   220.386     222.175      1.0855     2.99293     34.8076
   220.895     222.688      1.0890     2.99278     34.8016
   221.407     223.205      1.0926     2.99294     34.7992
   221.925     223.727      1.0948     2.99361     34.8051
   222.441     224.248      1.0990     2.99494     34.8173
   222.957     224.768      1.1112     2.99672     34.8261
   223.472     225.288      1.1240     2.99797     34.8277
   223.987     225.807      1.1356     2.99832     34.8190
   224.502     226.326      1.1535     2.99894     34.8067
   225.017     226.846      1.1713     3.00063     34.8083
   225.534     227.367      1.1770     3.00229     34.8229
   226.050     227.888      1.1811     3.00336     34.8318
   226.565     228.407      1.1853     3.00425     34.8381
   227.080     228.927      1.1932     3.00477     34.8358
   227.597     229.448      1.2036     3.00480     34.8243
   228.113     229.969      1.2112     3.00519     34.8205
   228.632     230.492      1.2212     3.00643     34.8250
   229.153     231.018      1.2274     3.00772     34.8343
   229.675     231.544      1.2321     3.00849     34.8387
   230.194     232.068      1.2354     3.00868     34.8371
   230.714     232.592      1.2375     3.00851     34.8322
   231.234     233.117      1.2402     3.00839     34.8274
   231.752     233.639      1.2409     3.00845     34.8271
   232.265     234.157      1.2404     3.00855     34.8286
   232.776     234.672      1.2397     3.00858     34.8295
   233.284     235.185      1.2392     3.00857     34.8296
   233.794     235.699      1.2380     3.00852     34.8300
   234.303     236.212      1.2373     3.00843     34.8294
   234.809     236.723      1.2377     3.00842     34.8285
   235.313     237.231      1.2384     3.00849     34.8283
   235.817     237.740      1.2379     3.00852     34.8289
   236.324     238.251      1.2367     3.00851     34.8299
   236.831     238.762      1.2351     3.00846     34.8307
   237.337     239.273      1.2341     3.00838     34.8305
   237.847     239.787      1.2348     3.00834     34.8288
   238.361     240.306      1.2343     3.00833     34.8289
   238.876     240.825      1.2336     3.00832     34.8293
   239.389     241.343      1.2331     3.00832     34.8295
   239.902     241.860      1.2319     3.00830     34.8304
   240.413     242.376      1.2307     3.00826     34.8309
   240.925     242.892      1.2305     3.00819     34.8299
   241.433     243.405      1.2307     3.00818     34.8293
   241.939     243.915      1.2305     3.00821     34.8295
   242.442     244.422      1.2307     3.00816     34.8285
   242.943     244.928      1.2290     3.00804     34.8285
   243.445     245.434      1.2276     3.00788     34.8277
   243.947     245.941      1.2281     3.00780     34.8258
   244.452     246.450      1.2283     3.00779     34.8252
   244.961     246.963      1.2266     3.00774     34.8262
   245.470     247.477      1.2247     3.00766     34.8269
   245.983     247.994      1.2240     3.00757     34.8262
   246.502     248.518      1.2226     3.00740     34.8253
   247.026     249.046      1.2200     3.00717     34.8249
   247.550     249.575      1.2188     3.00700     34.8238
   248.071     250.101      1.2181     3.00696     34.8237
   248.592     250.626      1.2171     3.00696     34.8245
   249.109     251.148      1.2157     3.00702     34.8266
   249.623     251.666      1.2161     3.00741     34.8308
   250.133     252.181      1.2178     3.00819     34.8386
   250.644     252.696      1.2216     3.00894     34.8437
   251.156     253.213      1.2266     3.00930     34.8424
   251.670     253.731      1.2297     3.00939     34.8399
   252.181     254.247      1.2320     3.00963     34.8400
   252.693     254.763      1.2353     3.01019     34.8433
   253.205     255.280      1.2392     3.01092     34.8480
   253.717     255.796      1.2425     3.01161     34.8528
   254.223     256.307      1.2481     3.01205     34.8519
   254.731     256.819      1.2562     3.01237     34.8467
   255.239     257.332      1.2647     3.01313     34.8467
   255.752     257.849      1.2709     3.01430     34.8544
   256.263     258.365      1.2747     3.01552     34.8655
   256.774     258.880      1.2794     3.01659     34.8737
   257.286     259.397      1.2877     3.01710     34.8708
   257.799     259.914      1.2955     3.01712     34.8620
   258.309     260.429      1.3031     3.01740     34.8567
   258.817     260.941      1.3095     3.01807     34.8580
   259.324     261.453      1.3141     3.01885     34.8626
   259.829     261.962      1.3186     3.01969     34.8679
   260.333     262.470      1.3209     3.02024     34.8722
   260.835     262.977      1.3233     3.02036     34.8707
   261.342     263.488      1.3257     3.02034     34.8675
   261.852     264.003      1.3271     3.02042     34.8667
   262.363     264.518      1.3285     3.02062     34.8674
   262.871     265.031      1.3320     3.02091     34.8669
   263.377     265.541      1.3332     3.02126     34.8697
   263.882     266.051      1.3328     3.02153     34.8733
   264.390     266.563      1.3351     3.02158     34.8711
   264.896     267.074      1.3370     3.02148     34.8673
   265.401     267.583      1.3377     3.02141     34.8653
   265.902     268.089      1.3382     3.02149     34.8656
   266.399     268.590      1.3393     3.02181     34.8681
   266.890     269.085      1.3429     3.02227     34.8698
   267.379     269.579      1.3467     3.02256     34.8690
   267.873     270.077      1.3464     3.02266     34.8702
   268.373     270.582      1.3466     3.02269     34.8701
   268.876     271.089      1.3459     3.02265     34.8701
   269.380     271.597      1.3469     3.02262     34.8683
   269.887     272.109      1.3478     3.02266     34.8676
   270.398     272.624      1.3481     3.02283     34.8691
   270.911     273.142      1.3495     3.02315     34.8713
   271.426     273.662      1.3509     3.02354     34.8744
   271.942     274.182      1.3525     3.02378     34.8754
   272.458     274.703      1.3537     3.02382     34.8742
   272.973     275.222      1.3570     3.02394     34.8718
   273.485     275.739      1.3582     3.02441     34.8762
   273.997     276.255      1.3613     3.02507     34.8809
   274.508     276.771      1.3653     3.02552     34.8819
   275.019     277.286      1.3679     3.02566     34.8805
   275.529     277.801      1.3722     3.02566     34.8754
   276.039     278.316      1.3743     3.02576     34.8741
   276.550     278.831      1.3757     3.02616     34.8773
   277.057     279.343      1.3788     3.02672     34.8806
   277.565     279.855      1.3812     3.02720     34.8838
   278.072     280.367      1.3835     3.02747     34.8845
   278.584     280.883      1.3859     3.02753     34.8822
   279.095     281.399      1.3873     3.02749     34.8799
   279.607     281.915      1.3873     3.02749     34.8795
   280.117     282.430      1.3887     3.02755     34.8785
   280.627     282.944      1.3894     3.02764     34.8785
   281.137     283.459      1.3877     3.02775     34.8815
   281.647     283.973      1.3894     3.02790     34.8813
   282.156     284.487      1.3903     3.02798     34.8810
   282.665     285.001      1.3910     3.02795     34.8795
   283.175     285.515      1.3932     3.02792     34.8764
   283.683     286.028      1.3927     3.02801     34.8777
   284.188     286.537      1.3920     3.02824     34.8812
   284.690     287.044      1.3929     3.02855     34.8839
   285.192     287.550      1.3948     3.02883     34.8851
   285.693     288.056      1.3964     3.02896     34.8846
   286.196     288.563      1.3978     3.02894     34.8825
   286.700     289.072      1.3983     3.02894     34.8817
   287.207     289.583      1.3995     3.02902     34.8811
   287.710     290.091      1.4002     3.02911     34.8812
   288.212     290.597      1.3997     3.02932     34.8840
   288.714     291.104      1.4004     3.02966     34.8873
   289.222     291.616      1.4030     3.02990     34.8872
   289.737     292.136      1.4037     3.02992     34.8863
   290.258     292.661      1.4042     3.02989     34.8851
   290.780     293.188      1.4054     3.02993     34.8840
   291.302     293.715      1.4051     3.03005     34.8856
   291.821     294.238      1.4047     3.03021     34.8877
   292.337     294.759      1.4070     3.03037     34.8869
   292.853     295.280      1.4089     3.03049     34.8861
   293.369     295.800      1.4096     3.03054     34.8856
   293.881     296.317      1.4082     3.03054     34.8868
   294.389     296.830      1.4074     3.03053     34.8874
   294.896     297.341      1.4091     3.03053     34.8852
   295.402     297.852      1.4084     3.03049     34.8850
   295.910     298.364      1.4074     3.03037     34.8843
   296.416     298.875      1.4060     3.03025     34.8841
   296.923     299.386      1.4060     3.03019     34.8831
   297.431     299.899      1.4036     3.03009     34.8842
   297.942     300.414      1.4000     3.02988     34.8851
   298.449     300.926      1.3986     3.02951     34.8817
   298.955     301.437      1.3951     3.02904     34.8793
   299.463     301.949      1.3905     3.02875     34.8804
   299.972     302.463      1.3870     3.02872     34.8836
   300.482     302.977      1.3870     3.02879     34.8842
   300.993     303.493      1.3851     3.02877     34.8858
   301.506     304.011      1.3827     3.02855     34.8854
   302.019     304.528      1.3815     3.02807     34.8803
   302.527     305.041      1.3763     3.02740     34.8772
   303.035     305.553      1.3722     3.02688     34.8748
   303.545     306.068      1.3706     3.02674     34.8745
   304.060     306.588      1.3678     3.02678     34.8779
   304.580     307.112      1.3642     3.02671     34.8806
   305.099     307.636      1.3611     3.02630     34.8786
   305.616     308.158      1.3573     3.02560     34.8735
   306.133     308.679      1.3509     3.02499     34.8725
   306.649     309.200      1.3456     3.02464     34.8737
   307.165     309.721      1.3418     3.02447     34.8754
   307.681     310.241      1.3350     3.02439     34.8816
   308.194     310.759      1.3286     3.02415     34.8854
   308.703     311.273      1.3254     3.02360     34.8816
   309.211     311.785      1.3221     3.02288     34.8757
   309.718     312.297      1.3145     3.02218     34.8750
   310.227     312.810      1.3069     3.02166     34.8764
   310.735     313.323      1.3052     3.02151     34.8762
   311.243     313.836      1.3014     3.02149     34.8799
   311.755     314.352      1.2960     3.02106     34.8801
   312.271     314.873      1.2912     3.02047     34.8775
   312.787     315.394      1.2870     3.02029     34.8796
   313.302     315.913      1.2858     3.02042     34.8823
   313.816     316.432      1.2862     3.02051     34.8827
   314.330     316.951      1.2853     3.02052     34.8835
   314.844     317.469      1.2846     3.02047     34.8834
   315.355     317.985      1.2810     3.02021     34.8837
   315.864     318.498      1.2774     3.01958     34.8794
   316.369     319.008      1.2724     3.01854     34.8714
   316.873     319.517      1.2629     3.01740     34.8671
   317.375     320.023      1.2527     3.01678     34.8702
   317.874     320.527      1.2477     3.01684     34.8762
   318.378     321.035      1.2418     3.01694     34.8837
   318.883     321.545      1.2361     3.01652     34.8844
   319.386     322.052      1.2318     3.01556     34.8766
   319.887     322.558      1.2197     3.01424     34.8729
   320.389     323.065      1.2106     3.01314     34.8686
   320.894     323.574      1.2085     3.01240     34.8612
   321.402     324.087      1.2044     3.01166     34.8560
   321.914     324.603      1.1978     3.01087     34.8530
   322.425     325.119      1.1882     3.01003     34.8525
   322.938     325.637      1.1777     3.00902     34.8509
   323.455     326.159      1.1663     3.00778     34.8474
   323.972     326.680      1.1533     3.00601     34.8389
   324.485     327.198      1.1395     3.00389     34.8268
   324.997     327.715      1.1256     3.00253     34.8244
   325.508     328.230      1.1102     3.00237     34.8392
   326.016     328.743      1.1023     3.00255     34.8501
   326.521     329.252      1.0942     3.00208     34.8527
   327.020     329.756      1.0856     3.00117     34.8504
   327.514     330.255      1.0785     3.00060     34.8506
   328.006     330.751      1.0713     3.00033     34.8549
   328.497     331.247      1.0665     3.00018     34.8580
   328.995     331.749      1.0639     3.00014     34.8602
   329.495     332.254      1.0610     3.00020     34.8639
   329.999     332.762      1.0610     3.00037     34.8658
   330.504     333.272      1.0610     3.00058     34.8681
   331.008     333.780      1.0600     3.00063     34.8697
   331.512     334.289      1.0586     3.00054     34.8697
   332.017     334.799      1.0581     3.00044     34.8686
   332.527     335.313      1.0564     3.00040     34.8698
   333.037     335.828      1.0550     3.00042     34.8713
   333.547     336.343      1.0555     3.00051     34.8716
   334.057     336.857      1.0557     3.00063     34.8727
   334.564     337.369      1.0550     3.00065     34.8734
   335.067     337.877      1.0550     3.00063     34.8728
   335.568     338.382      1.0550     3.00064     34.8726
   336.067     338.886      1.0540     3.00065     34.8735
   336.567     339.390      1.0536     3.00066     34.8738
   337.070     339.898      1.0545     3.00071     34.8732
   337.577     340.410      1.0533     3.00079     34.8752
   338.085     340.922      1.0531     3.00079     34.8752
   338.589     341.431      1.0533     3.00069     34.8734
   339.089     341.936      1.0521     3.00056     34.8728
   339.590     342.441      1.0509     3.00048     34.8728
   340.092     342.948      1.0492     3.00043     34.8737
   340.597     343.457      1.0478     3.00035     34.8740
   341.101     343.966      1.0468     3.00026     34.8737
   341.606     344.476      1.0449     3.00018     34.8744
   342.115     344.989      1.0437     3.00005     34.8738
   342.626     345.505      1.0416     2.99977     34.8723
   343.133     346.017      1.0380     2.99943     34.8716
   343.636     346.524      1.0349     2.99927     34.8727
   344.136     347.029      1.0325     2.99934     34.8759
   344.633     347.531      1.0316     2.99949     34.8786
   345.130     348.032      1.0318     2.99953     34.8786
   345.625     348.532      1.0311     2.99942     34.8777
   346.122     349.033      1.0301     2.99922     34.8760
   346.621     349.537      1.0277     2.99899     34.8754
   347.120     350.041      1.0258     2.99884     34.8752
   347.621     350.546      1.0246     2.99884     34.8763
   348.126     351.056      1.0239     2.99896     34.8783
   348.635     351.569      1.0249     2.99918     34.8797
   349.144     352.083      1.0268     2.99947     34.8810
   349.651     352.595      1.0280     2.99979     34.8835
   350.155     353.104      1.0287     3.00000     34.8851
   350.658     353.611      1.0296     3.00002     34.8841
   351.160     354.118      1.0310     3.00000     34.8819
   351.660     354.622      1.0310     2.99999     34.8816
   352.157     355.124      1.0296     2.99994     34.8822
   352.653     355.625      1.0270     2.99976     34.8825
   353.151     356.127      1.0253     2.99936     34.8789
   353.647     356.628      1.0215     2.99878     34.8754
   354.146     357.131      1.0165     2.99836     34.8753
   354.648     357.638      1.0129     2.99817     34.8766
   355.154     358.149      1.0108     2.99798     34.8761
   355.663     358.662      1.0098     2.99790     34.8759
   356.176     359.180      1.0074     2.99792     34.8785
   356.692     359.701      1.0060     2.99784     34.8789
   357.210     360.224      1.0055     2.99773     34.8777
   357.727     360.746      1.0043     2.99769     34.8782
   358.242     361.265      1.0026     2.99765     34.8793
   358.753     361.781      1.0012     2.99762     34.8801
   359.262     362.295      1.0007     2.99766     34.8809
   359.768     362.806      1.0000     2.99770     34.8819
   360.272     363.314      1.0000     2.99770     34.8816
   360.773     363.820      1.0000     2.99767     34.8809
   361.272     364.324      0.9986     2.99759     34.8812
   361.773     364.829      0.9969     2.99755     34.8822
   362.272     365.333      0.9971     2.99751     34.8812
   362.773     365.839      0.9959     2.99739     34.8807
   363.278     366.348      0.9947     2.99724     34.8799
   363.782     366.857      0.9935     2.99724     34.8809
   364.285     367.365      0.9938     2.99774     34.8867
   364.786     367.870      0.9966     2.99873     34.8960
   365.283     368.372      1.0021     2.99974     34.9026
   365.781     368.874      1.0095     3.00121     34.9130
   366.279     369.377      1.0221     3.00320     34.9242
   366.780     369.883      1.0386     3.00437     34.9205
   367.281     370.388      1.0448     3.00446     34.9145
   367.780     370.892      1.0495     3.00424     34.9061
   368.280     371.397      1.0534     3.00421     34.9010
   368.779     371.900      1.0572     3.00473     34.9031
   369.276     372.402      1.0631     3.00562     34.9077
   369.772     372.903      1.0686     3.00627     34.9097
   370.270     373.405      1.0728     3.00650     34.9077
   370.765     373.905      1.0750     3.00656     34.9056
   371.259     374.404      1.0760     3.00652     34.9038
   371.753     374.902      1.0774     3.00649     34.9015
   372.245     375.399      1.0764     3.00617     34.8983
   372.738     375.896      1.0702     3.00536     34.8944
   373.231     376.394      1.0612     3.00501     34.8997
   373.727     376.895      1.0597     3.00560     34.9086
   374.227     377.399      1.0633     3.00618     34.9118
   374.726     377.903      1.0664     3.00634     34.9101
   375.227     378.409      1.0683     3.00632     34.9074
   375.730     378.916      1.0695     3.00628     34.9053
   376.232     379.423      1.0702     3.00624     34.9037
   376.731     379.927      1.0697     3.00620     34.9035
   377.228     380.428      1.0690     3.00623     34.9044
   377.725     380.930      1.0685     3.00627     34.9051
   378.221     381.431      1.0673     3.00627     34.9062
   378.716     381.930      1.0671     3.00630     34.9065
   379.207     382.426      1.0673     3.00628     34.9058
   379.697     382.921      1.0652     3.00604     34.9047
   380.189     383.417      1.0621     3.00568     34.9033
   380.683     383.916      1.0593     3.00538     34.9022
   381.179     384.416      1.0561     3.00504     34.9011
   381.675     384.917      1.0533     3.00465     34.8989
   382.171     385.418      1.0492     3.00439     34.8999
   382.670     385.921      1.0450     3.00427     34.9027
   383.169     386.425      1.0423     3.00402     34.9022
   383.669     386.930      1.0392     3.00363     34.9004
   384.169     387.435      1.0342     3.00334     34.9019
   384.671     387.941      1.0296     3.00318     34.9048
   385.170     388.445      1.0261     3.00298     34.9057
   385.668     388.948      1.0251     3.00275     34.9037
   386.165     389.449      1.0227     3.00270     34.9053
   386.657     389.946      1.0208     3.00267     34.9068
   387.146     390.440      1.0187     3.00239     34.9053
   387.634     390.932      1.0146     3.00163     34.8998
   388.119     391.422      1.0070     3.00061     34.8948
   388.607     391.914      0.9970     2.99982     34.8956
   389.093     392.405      0.9893     2.99912     34.8948
   389.579     392.895      0.9815     2.99851     34.8954
   390.065     393.386      0.9734     2.99814     34.8995
   390.553     393.879      0.9638     2.99747     34.9013
   391.043     394.373      0.9533     2.99614     34.8955
   391.530     394.865      0.9418     2.99449     34.8868
   392.017     395.356      0.9302     2.99334     34.8846
   392.502     395.846      0.9194     2.99291     34.8909
   392.988     396.337      0.9151     2.99281     34.8942
   393.474     396.827      0.9141     2.99289     34.8960
   393.960     397.318      0.9108     2.99291     34.8997
   394.446     397.808      0.9069     2.99272     34.9013
   394.934     398.301      0.9050     2.99238     34.8987
   395.423     398.795      0.9033     2.99207     34.8964
   395.912     399.288      0.9014     2.99195     34.8967
   396.400     399.781      0.8997     2.99195     34.8983
   396.892     400.277      0.8988     2.99200     34.8997
   397.388     400.778      0.9000     2.99209     34.8992
   397.885     401.280      0.8997     2.99214     34.8999
   398.381     401.781      0.8986     2.99215     34.9009
   398.874     402.278      0.8994     2.99209     34.8989
   399.364     402.773      0.9002     2.99190     34.8953
   399.853     403.266      0.8974     2.99163     34.8947
   400.340     403.758      0.8919     2.99138     34.8973
   400.829     404.252      0.8912     2.99120     34.8954
   401.321     404.748      0.8898     2.99107     34.8951
   401.815     405.247      0.8876     2.99099     34.8962
   402.309     405.746      0.8871     2.99091     34.8954
   402.804     406.245      0.8850     2.99078     34.8958
   403.299     406.745      0.8810     2.99058     34.8974
   403.797     407.248      0.8771     2.99038     34.8989
   404.293     407.749      0.8757     2.99030     34.8991
   404.790     408.250      0.8762     2.99033     34.8987
   405.286     408.751      0.8759     2.99037     34.8992
   405.781     409.251      0.8745     2.99032     34.8998
   406.275     409.749      0.8736     2.99007     34.8973
   406.766     410.245      0.8712     2.98958     34.8934
   407.255     410.739      0.8664     2.98885     34.8891
   407.747     411.235      0.8581     2.98809     34.8883
   408.240     411.733      0.8512     2.98771     34.8907
   408.732     412.230      0.8483     2.98764     34.8928
   409.224     412.726      0.8478     2.98763     34.8930
   409.716     413.223      0.8457     2.98758     34.8944
   410.207     413.719      0.8416     2.98741     34.8965
   410.699     414.216      0.8378     2.98714     34.8969
   411.194     414.715      0.8364     2.98690     34.8951
   411.689     415.215      0.8354     2.98674     34.8939
   412.183     415.714      0.8330     2.98671     34.8959
   412.675     416.210      0.8316     2.98686     34.8992
   413.163     416.703      0.8335     2.98711     34.9000
   413.648     417.193      0.8374     2.98737     34.8986
   414.133     417.682      0.8383     2.98757     34.8999
   414.618     418.172      0.8376     2.98761     34.9009
   415.105     418.664      0.8371     2.98742     34.8987
   415.594     419.157      0.8359     2.98715     34.8963
   416.080     419.648      0.8342     2.98699     34.8958
   416.567     420.139      0.8324     2.98698     34.8974
   417.056     420.633      0.8317     2.98704     34.8988
   417.548     421.130      0.8312     2.98699     34.8984
   418.040     421.627      0.8291     2.98672     34.8969
   418.534     422.125      0.8259     2.98637     34.8956
   419.028     422.624      0.8235     2.98616     34.8953
   419.523     423.124      0.8211     2.98606     34.8964
   420.019     423.624      0.8192     2.98598     34.8973
   420.513     424.123      0.8185     2.98598     34.8977
   421.006     424.621      0.8191     2.98601     34.8971
   421.495     425.115      0.8188     2.98592     34.8961
   421.984     425.608      0.8150     2.98568     34.8969
   422.473     426.102      0.8114     2.98540     34.8971
   422.963     426.597      0.8100     2.98523     34.8962
   423.454     427.092      0.8068     2.98514     34.8983
   423.947     427.590      0.8054     2.98506     34.8985
   424.442     428.090      0.8054     2.98502     34.8977
   424.937     428.590      0.8050     2.98502     34.8978
   425.430     429.087      0.8038     2.98498     34.8984
   425.919     429.581      0.8031     2.98494     34.8984
   426.406     430.073      0.8026     2.98490     34.8981
   426.895     430.566      0.8019     2.98487     34.8982
   427.384     431.060      0.8014     2.98490     34.8989
   427.874     431.555      0.8007     2.98495     34.9000
   428.364     432.049      0.8012     2.98500     34.8998
   428.850     432.540      0.8019     2.98513     34.9004
   429.335     433.030      0.8024     2.98534     34.9022
   429.820     433.519      0.8031     2.98561     34.9047
   430.302     434.006      0.8045     2.98585     34.9060
   430.782     434.491      0.8062     2.98590     34.9045
   431.262     434.975      0.8060     2.98583     34.9035
   431.743     435.461      0.8063     2.98576     34.9019
   432.225     435.948      0.8056     2.98571     34.9018
   432.710     436.437      0.8056     2.98570     34.9014
   433.197     436.929      0.8051     2.98562     34.9006
   433.682     437.419      0.8039     2.98541     34.8990
   434.167     437.908      0.8018     2.98513     34.8973
   434.651     438.397      0.7982     2.98484     34.8974
   435.135     438.886      0.7960     2.98463     34.8969
   435.623     439.378      0.7946     2.98454     34.8970
   436.110     439.870      0.7925     2.98452     34.8988
   436.596     440.361      0.7911     2.98443     34.8989
   437.081     440.850      0.7875     2.98418     34.8994
   437.564     441.338      0.7858     2.98381     34.8962
   438.046     441.825      0.7851     2.98337     34.8910
   438.525     442.308      0.7795     2.98288     34.8907
   439.004     442.792      0.7736     2.98255     34.8927
   439.486     443.279      0.7712     2.98248     34.8942
   439.970     443.767      0.7693     2.98245     34.8957
   440.455     444.257      0.7681     2.98225     34.8942
   440.943     444.750      0.7655     2.98190     34.8922
   441.434     445.245      0.7612     2.98157     34.8925
   441.925     445.741      0.7571     2.98139     34.8945
   442.416     446.237      0.7542     2.98126     34.8957
   442.907     446.733      0.7533     2.98115     34.8950
   443.396     447.226      0.7519     2.98109     34.8956
   443.884     447.719      0.7509     2.98100     34.8952
   444.370     448.210      0.7485     2.98076     34.8945
   444.854     448.698      0.7461     2.98048     34.8933
   445.334     449.183      0.7433     2.98027     34.8934
   445.816     449.670      0.7397     2.98006     34.8944
   446.304     450.163      0.7375     2.97986     34.8940
   446.798     450.661      0.7371     2.97978     34.8932
   447.293     451.161      0.7364     2.97980     34.8939
   447.788     451.661      0.7359     2.97974     34.8934
   448.282     452.160      0.7333     2.97933     34.8907
   448.774     452.656      0.7275     2.97866     34.8882
   449.265     453.152      0.7203     2.97805     34.8880
   449.756     453.648      0.7155     2.97770     34.8887
   450.251     454.148      0.7129     2.97757     34.8895
   450.748     454.650      0.7100     2.97752     34.8919
   451.246     455.152      0.7091     2.97751     34.8924
   451.741     455.652      0.7077     2.97742     34.8926
   452.235     456.151      0.7077     2.97723     34.8898
   452.728     456.649      0.7053     2.97694     34.8885
   453.221     457.147      0.7003     2.97662     34.8896
   453.715     457.645      0.6967     2.97637     34.8902
   454.208     458.143      0.6940     2.97628     34.8917
   454.702     458.642      0.6938     2.97627     34.8915
   455.195     459.140      0.6935     2.97619     34.8905
   455.683     459.633      0.6912     2.97599     34.8902
   456.168     460.122      0.6893     2.97579     34.8894
   456.650     460.609      0.6872     2.97558     34.8888
   457.135     461.099      0.6847     2.97534     34.8882
   457.621     461.589      0.6839     2.97518     34.8868
   458.107     462.080      0.6831     2.97514     34.8868
   458.594     462.572      0.6812     2.97512     34.8884
   459.082     463.065      0.6780     2.97498     34.8899
   459.569     463.556      0.6756     2.97467     34.8883
   460.053     464.045      0.6732     2.97435     34.8865
   460.535     464.532      0.6704     2.97410     34.8861
   461.017     465.019      0.6682     2.97385     34.8851
   461.501     465.507      0.6663     2.97365     34.8844
   461.984     465.995      0.6624     2.97356     34.8873
   462.465     466.481      0.6615     2.97359     34.8883
   462.948     466.968      0.6612     2.97353     34.8877
   463.429     467.454      0.6584     2.97322     34.8865
   463.907     467.937      0.6549     2.97283     34.8851
   464.386     468.420      0.6517     2.97267     34.8862
   464.863     468.902      0.6508     2.97270     34.8874
   465.340     469.384      0.6515     2.97287     34.8885
   465.819     469.867      0.6534     2.97316     34.8899
   466.299     470.352      0.6568     2.97350     34.8903
   466.781     470.839      0.6589     2.97393     34.8931
   467.260     471.323      0.6625     2.97445     34.8956
   467.736     471.803      0.6661     2.97485     34.8964
   468.211     472.283      0.6683     2.97486     34.8939
   468.687     472.764      0.6673     2.97461     34.8915
   469.168     473.249      0.6649     2.97445     34.8918
   469.649     473.735      0.6645     2.97448     34.8923
   470.128     474.219      0.6649     2.97456     34.8926
   470.606     474.701      0.6645     2.97464     34.8938
   471.081     475.181      0.6659     2.97468     34.8925
   471.556     475.661      0.6654     2.97469     34.8928
   472.037     476.146      0.6642     2.97469     34.8939
   472.518     476.632      0.6635     2.97471     34.8947
   473.001     477.120      0.6645     2.97466     34.8927
   473.486     477.610      0.6645     2.97444     34.8895
   473.974     478.102      0.6609     2.97419     34.8900
   474.460     478.593      0.6573     2.97397     34.8909
   474.944     479.082      0.6551     2.97377     34.8905
   475.429     479.572      0.6541     2.97368     34.8902
   475.921     480.068      0.6522     2.97367     34.8919
   476.413     480.565      0.6510     2.97363     34.8923
   476.903     481.060      0.6499     2.97355     34.8923
   477.392     481.554      0.6487     2.97347     34.8923
   477.884     482.051      0.6490     2.97348     34.8918
   478.376     482.548      0.6504     2.97363     34.8920
   478.866     483.042      0.6504     2.97379     34.8937
   479.351     483.532      0.6509     2.97383     34.8934
   479.837     484.023      0.6521     2.97380     34.8913
   480.323     484.514      0.6523     2.97368     34.8893
   480.808     485.004      0.6506     2.97356     34.8893
   481.294     485.494      0.6487     2.97346     34.8899
   481.778     485.983      0.6475     2.97329     34.8888
   482.262     486.472      0.6444     2.97302     34.8885
   482.745     486.960      0.6398     2.97286     34.8913
   483.230     487.449      0.6389     2.97300     34.8938
   483.717     487.941      0.6396     2.97323     34.8957
   484.205     488.434      0.6391     2.97328     34.8965
   484.692     488.926      0.6394     2.97321     34.8951
   485.176     489.415      0.6408     2.97317     34.8928
   485.661     489.904      0.6403     2.97316     34.8929
   486.146     490.394      0.6391     2.97307     34.8927
   486.632     490.885      0.6365     2.97279     34.8917
   487.119     491.377      0.6326     2.97243     34.8912
   487.604     491.867      0.6302     2.97222     34.8909
   488.088     492.355      0.6288     2.97221     34.8919
   488.571     492.843      0.6283     2.97223     34.8926
   489.058     493.335      0.6276     2.97218     34.8923
   489.548     493.830      0.6272     2.97223     34.8932
   490.040     494.327      0.6279     2.97258     34.8967
   490.537     494.829      0.6315     2.97298     34.8975
   491.038     495.335      0.6351     2.97324     34.8966
   491.544     495.846      0.6368     2.97337     34.8961
   492.057     496.364      0.6361     2.97342     34.8971
   492.580     496.892      0.6371     2.97338     34.8952
   493.112     497.429      0.6371     2.97325     34.8932
   493.645     497.967      0.6339     2.97304     34.8938
   494.170     498.498      0.6315     2.97280     34.8930
   494.687     499.020      0.6291     2.97255     34.8922
   495.201     499.539      0.6277     2.97239     34.8913
   495.711     500.054      0.6267     2.97233     34.8914
   496.215     500.563      0.6253     2.97228     34.8920
   496.716     501.069      0.6248     2.97220     34.8912
   497.214     501.572      0.6236     2.97208     34.8907
   497.709     502.072      0.6215     2.97192     34.8907
   498.202     502.570      0.6193     2.97183     34.8917
   498.696     503.068      0.6183     2.97178     34.8919
   499.187     503.564      0.6174     2.97171     34.8917
   499.677     504.059      0.6176     2.97171     34.8912
   500.167     504.554      0.6169     2.97177     34.8925
   500.657     505.049      0.6164     2.97177     34.8927
   501.145     505.542      0.6152     2.97166     34.8923
   501.634     506.036      0.6135     2.97154     34.8924
   502.124     506.531      0.6116     2.97149     34.8936
   502.618     507.029      0.6114     2.97148     34.8935
   503.109     507.525      0.6111     2.97144     34.8930
   503.598     508.019      0.6107     2.97137     34.8922
   504.087     508.513      0.6112     2.97132     34.8908
   504.578     509.009      0.6093     2.97127     34.8919
   505.070     509.506      0.6076     2.97110     34.8914
   505.561     510.002      0.6052     2.97086     34.8906
   506.049     510.495      0.6024     2.97061     34.8902
   506.537     510.988      0.5983     2.97041     34.8919
   507.024     511.479      0.5964     2.97032     34.8926
   507.509     511.969      0.5973     2.97031     34.8912
   507.993     512.458      0.5966     2.97030     34.8916
   508.475     512.945      0.5961     2.97022     34.8908
   508.955     513.430      0.5940     2.97003     34.8904
   509.436     513.915      0.5913     2.96990     34.8914
   509.919     514.403      0.5911     2.96984     34.8906
   510.405     514.894      0.5904     2.96969     34.8892
   510.890     515.384      0.5882     2.96954     34.8894
   511.374     515.873      0.5877     2.96953     34.8896
   511.858     516.362      0.5865     2.96960     34.8915
   512.344     516.852      0.5858     2.96964     34.8925
   512.831     517.344      0.5858     2.96960     34.8917
   513.320     517.838      0.5848     2.96952     34.8915
   513.810     518.333      0.5834     2.96944     34.8917
   514.303     518.831      0.5824     2.96936     34.8915
   514.797     519.330      0.5810     2.96927     34.8917
   515.292     519.830      0.5800     2.96920     34.8915
   515.786     520.329      0.5784     2.96915     34.8923
   516.282     520.830      0.5780     2.96908     34.8917
   516.779     521.332      0.5776     2.96893     34.8898
   517.276     521.834      0.5760     2.96871     34.8885
   517.771     522.334      0.5728     2.96850     34.8891
   518.264     522.832      0.5704     2.96832     34.8892
   518.754     523.327      0.5690     2.96824     34.8894
   519.242     523.820      0.5690     2.96828     34.8895
   519.732     524.314      0.5695     2.96832     34.8892
   520.222     524.809      0.5698     2.96832     34.8887
   520.710     525.302      0.5681     2.96832     34.8903
   521.196     525.793      0.5662     2.96832     34.8921
   521.680     526.282      0.5655     2.96831     34.8925
   522.164     526.771      0.5650     2.96827     34.8923
   522.649     527.261      0.5648     2.96820     34.8912
   523.135     527.752      0.5645     2.96811     34.8901
   523.619     528.240      0.5621     2.96794     34.8904
   524.098     528.724      0.5597     2.96774     34.8901
   524.577     529.208      0.5564     2.96752     34.8907
   525.058     529.694      0.5521     2.96723     34.8915
   525.540     530.181      0.5499     2.96699     34.8906
   526.023     530.669      0.5494     2.96687     34.8892
   526.507     531.158      0.5477     2.96682     34.8902
   526.994     531.649      0.5468     2.96677     34.8903
   527.484     532.144      0.5465     2.96665     34.8889
   527.977     532.642      0.5446     2.96652     34.8890
   528.471     533.141      0.5429     2.96636     34.8884
   528.963     533.638      0.5410     2.96612     34.8872
   529.451     534.131      0.5398     2.96591     34.8855
   529.935     534.620      0.5377     2.96570     34.8849
   530.416     535.106      0.5350     2.96550     34.8849
   530.899     535.594      0.5333     2.96532     34.8843
   531.383     536.083      0.5305     2.96512     34.8845
   531.865     536.570      0.5273     2.96492     34.8852
   532.343     537.052      0.5249     2.96483     34.8864
   532.820     537.534      0.5230     2.96478     34.8877
   533.300     538.019      0.5218     2.96475     34.8883
   533.780     538.504      0.5211     2.96478     34.8893
   534.260     538.989      0.5211     2.96482     34.8895
   534.741     539.475      0.5206     2.96478     34.8892
   535.225     539.963      0.5189     2.96462     34.8888
   535.710     540.453      0.5165     2.96441     34.8885
   536.198     540.946      0.5151     2.96424     34.8876
   536.686     541.439      0.5141     2.96404     34.8858
   537.178     541.936      0.5117     2.96384     34.8856
   537.672     542.435      0.5098     2.96367     34.8853
   538.166     542.934      0.5081     2.96355     34.8852
   538.659     543.432      0.5062     2.96346     34.8859
   539.153     543.931      0.5041     2.96334     34.8864
   539.649     544.432      0.5005     2.96321     34.8884
   540.143     544.931      0.4978     2.96307     34.8895
   540.633     545.426      0.4947     2.96287     34.8901
   541.119     545.917      0.4921     2.96271     34.8905
   541.600     546.403      0.4916     2.96258     34.8891
   542.068     546.876      0.4892     2.96243     34.8895
   542.517     547.329      0.4880     2.96234     34.8896
   542.940     547.757      0.4851     2.96233     34.8924
   543.333     548.153      0.4856     2.96234     34.8917
   543.682     548.506      0.4863     2.96234     34.8908
   543.975     548.802      0.4868     2.96235     34.8901
   544.208     549.037      0.4875     2.96236     34.8893
   544.387     549.218      0.4880     2.96240     34.8892
   544.524     549.357      0.4887     2.96244     34.8888
   544.635     549.469      0.4873     2.96240     34.8898
   544.728     549.563      0.4851     2.96232     34.8912
   544.805     549.640      0.4851     2.96229     34.8907
   544.862     549.698      0.4851     2.96232     34.8911
   544.904     549.740      0.4856     2.96236     34.8910
   544.930     549.767      0.4868     2.96232     34.8892
   544.948     549.785      0.4865     2.96225     34.8886
   544.958     549.795      0.4851     2.96221     34.8896
   544.960     549.797      0.4851     2.96221     34.8896
