North Pole Environmental Observatory   ÑÑÑ   2002 Aerial CTD Survey
Cast 8 (Helo-7)     88deg 21.1'N _ 118deg 23.7'E   4/26/2002 _ 1406 UTC

  Depth(m)  Pres(dbar)    Temp(degC)   Cond(S/m)    Sal(psu)
#
     0.811       0.817     -1.7867     2.57307     32.5121
     0.817       0.823     -1.7867     2.57304     32.5116
     0.826       0.832     -1.7867     2.57307     32.5121
     0.840       0.846     -1.7867     2.57311     32.5126
     0.858       0.865     -1.7862     2.57312     32.5121
     0.884       0.891     -1.7844     2.57312     32.5102
     0.918       0.925     -1.7834     2.57313     32.5091
     0.962       0.969     -1.7846     2.57312     32.5104
     1.018       1.026     -1.7854     2.57312     32.5112
     1.091       1.099     -1.7854     2.57312     32.5112
     1.183       1.192     -1.7854     2.57312     32.5111
     1.297       1.307     -1.7844     2.57313     32.5100
     1.444       1.455     -1.7839     2.57313     32.5094
     1.635       1.647     -1.7859     2.57312     32.5114
     1.881       1.895     -1.7866     2.57308     32.5114
     2.195       2.212     -1.7866     2.57300     32.5101
     2.589       2.609     -1.7866     2.57293     32.5089
     3.064       3.087     -1.7866     2.57293     32.5086
     3.612       3.639     -1.7861     2.57305     32.5093
     4.213       4.245     -1.7859     2.57316     32.5104
     4.843       4.880     -1.7866     2.57321     32.5113
     5.481       5.523     -1.7866     2.57322     32.5111
     6.109       6.156     -1.7871     2.57330     32.5124
     6.714       6.765     -1.7878     2.57341     32.5143
     7.289       7.345     -1.7878     2.57346     32.5146
     7.844       7.904     -1.7878     2.57351     32.5149
     8.387       8.451     -1.7883     2.57358     32.5162
     8.922       8.990     -1.7881     2.57362     32.5162
     9.454       9.526     -1.7876     2.57363     32.5155
     9.985      10.061     -1.7891     2.57367     32.5173
    10.514      10.594     -1.7881     2.57375     32.5170
    11.039      11.123     -1.7866     2.57380     32.5157
    11.561      11.649     -1.7871     2.57384     32.5165
    12.084      12.176     -1.7883     2.57388     32.5180
    12.611      12.707     -1.7886     2.57388     32.5181
    13.139      13.239     -1.7878     2.57393     32.5175
    13.665      13.769     -1.7883     2.57401     32.5188
    14.191      14.299     -1.7880     2.57409     32.5193
    14.715      14.827     -1.7870     2.57413     32.5184
    15.240      15.356     -1.7878     2.57414     32.5191
    15.769      15.889     -1.7878     2.57418     32.5194
    16.304      16.429     -1.7878     2.57425     32.5201
    16.848      16.977     -1.7873     2.57430     32.5198
    17.398      17.531     -1.7870     2.57434     32.5197
    17.952      18.089     -1.7878     2.57438     32.5207
    18.508      18.649     -1.7883     2.57435     32.5206
    19.067      19.213     -1.7880     2.57440     32.5206
    19.627      19.777     -1.7865     2.57455     32.5207
    20.186      20.340     -1.7870     2.57465     32.5222
    20.740      20.899     -1.7883     2.57482     32.5257
    21.290      21.453     -1.7885     2.57521     32.5310
    21.838      22.005     -1.7878     2.57557     32.5349
    22.385      22.556     -1.7877     2.57583     32.5381
    22.929      23.104     -1.7882     2.57646     32.5469
    23.469      23.649     -1.7895     2.57789     32.5680
    24.009      24.193     -1.7912     2.58018     32.6013
    24.551      24.739     -1.7937     2.58287     32.6410
    25.095      25.287     -1.7952     2.58499     32.6718
    25.638      25.834     -1.7952     2.58641     32.6912
    26.176      26.377     -1.7967     2.58771     32.7106
    26.712      26.917     -1.7995     2.58881     32.7286
    27.247      27.456     -1.8002     2.58965     32.7407
    27.780      27.993     -1.8002     2.59036     32.7503
    28.315      28.532     -1.8012     2.59104     32.7605
    28.855      29.076     -1.8027     2.59227     32.7790
    29.401      29.626     -1.8042     2.59411     32.8059
    29.950      30.180     -1.8069     2.59610     32.8361
    30.501      30.735     -1.8077     2.59803     32.8636
    31.051      31.289     -1.8087     2.59954     32.8853
    31.602      31.845     -1.8112     2.60051     32.9013
    32.155      32.402     -1.8127     2.60123     32.9125
    32.708      32.959     -1.8122     2.60182     32.9199
    33.261      33.516     -1.8119     2.60242     32.9276
    33.810      34.070     -1.8122     2.60323     32.9388
    34.357      34.621     -1.8119     2.60411     32.9504
    34.901      35.169     -1.8137     2.60485     32.9624
    35.444      35.716     -1.8142     2.60548     32.9712
    35.983      36.260     -1.8132     2.60602     32.9773
    36.520      36.801     -1.8144     2.60647     32.9846
    37.055      37.340     -1.8141     2.60685     32.9892
    37.590      37.879     -1.8136     2.60723     32.9936
    38.121      38.414     -1.8151     2.60768     33.0012
    38.645      38.942     -1.8151     2.60817     33.0077
    39.164      39.465     -1.8151     2.60866     33.0143
    39.683      39.988     -1.8156     2.60917     33.0215
    40.203      40.512     -1.8159     2.60975     33.0296
    40.723      41.036     -1.8156     2.61043     33.0384
    41.243      41.560     -1.8164     2.61108     33.0480
    41.762      42.083     -1.8164     2.61159     33.0548
    42.278      42.604     -1.8169     2.61210     33.0622
    42.794      43.124     -1.8176     2.61283     33.0728
    43.307      43.641     -1.8176     2.61367     33.0842
    43.818      44.156     -1.8171     2.61442     33.0937
    44.331      44.673     -1.8158     2.61513     33.1019
    44.846      45.192     -1.8151     2.61588     33.1111
    45.363      45.713     -1.8151     2.61668     33.1220
    45.881      46.235     -1.8146     2.61775     33.1359
    46.400      46.758     -1.8123     2.61903     33.1509
    46.919      47.281     -1.8101     2.62020     33.1644
    47.437      47.803     -1.8091     2.62134     33.1788
    47.956      48.326     -1.8076     2.62270     33.1957
    48.478      48.852     -1.8065     2.62430     33.2165
    48.999      49.377     -1.8045     2.62612     33.2392
    49.517      49.899     -1.8033     2.62785     33.2615
    50.032      50.418     -1.8030     2.62904     33.2775
    50.543      50.933     -1.8033     2.62968     33.2865
    51.052      51.446     -1.8020     2.63008     33.2902
    51.560      51.958     -1.8013     2.63047     33.2945
    52.070      52.472     -1.7998     2.63098     33.2996
    52.585      52.991     -1.7955     2.63173     33.3050
    53.101      53.511     -1.7935     2.63279     33.3171
    53.614      54.028     -1.7940     2.63398     33.3340
    54.127      54.545     -1.7915     2.63500     33.3450
    54.641      55.063     -1.7890     2.63569     33.3514
    55.153      55.579     -1.7865     2.63630     33.3568
    55.666      56.096     -1.7840     2.63718     33.3658
    56.181      56.615     -1.7815     2.63832     33.3786
    56.697      57.135     -1.7780     2.63968     33.3932
    57.213      57.655     -1.7745     2.64116     33.4096
    57.727      58.174     -1.7727     2.64243     33.4249
    58.241      58.692     -1.7712     2.64335     33.4357
    58.752      59.207     -1.7707     2.64409     33.4451
    59.262      59.721     -1.7685     2.64464     33.4500
    59.772      60.235     -1.7647     2.64555     33.4581
    60.280      60.747     -1.7620     2.64721     33.4777
    60.787      61.258     -1.7607     2.64889     33.4993
    61.295      61.770     -1.7595     2.65022     33.5162
    61.801      62.280     -1.7577     2.65136     33.5297
    62.304      62.787     -1.7562     2.65222     33.5397
    62.806      63.293     -1.7552     2.65280     33.5462
    63.308      63.799     -1.7542     2.65347     33.5541
    63.811      64.306     -1.7520     2.65507     33.5736
    64.314      64.812     -1.7450     2.65798     33.6059
    64.815      65.317     -1.7407     2.66129     33.6468
    65.317      65.823     -1.7390     2.66402     33.6825
    65.818      66.328     -1.7360     2.66593     33.7052
    66.317      66.831     -1.7337     2.66713     33.7190
    66.817      67.335     -1.7312     2.66807     33.7290
    67.319      67.841     -1.7270     2.66913     33.7387
    67.821      68.347     -1.7257     2.67015     33.7510
    68.322      68.852     -1.7245     2.67106     33.7620
    68.827      69.361     -1.7222     2.67194     33.7713
    69.335      69.873     -1.7200     2.67290     33.7818
    69.844      70.386     -1.7190     2.67410     33.7970
    70.348      70.894     -1.7175     2.67524     33.8109
    70.851      71.401     -1.7150     2.67592     33.8172
    71.353      71.907     -1.7112     2.67669     33.8232
    71.855      72.413     -1.7122     2.67808     33.8434
    72.357      72.919     -1.7122     2.67941     33.8616
    72.857      73.423     -1.7105     2.68014     33.8695
    73.359      73.929     -1.7117     2.68050     33.8755
    73.863      74.437     -1.7119     2.68084     33.8801
    74.367      74.945     -1.7112     2.68125     33.8848
    74.870      75.452     -1.7097     2.68183     33.8908
    75.373      75.959     -1.7054     2.68299     33.9017
    75.877      76.467     -1.6999     2.68473     33.9194
    76.385      76.979     -1.6952     2.68638     33.9366
    76.893      77.491     -1.6927     2.68748     33.9486
    77.402      78.004     -1.6912     2.68827     33.9576
    77.910      78.516     -1.6902     2.68888     33.9647
    78.415      79.025     -1.6877     2.68931     33.9674
    78.918      79.532     -1.6852     2.69001     33.9740
    79.422      80.040     -1.6837     2.69105     33.9864
    79.927      80.549     -1.6827     2.69214     34.0000
    80.432      81.058     -1.6787     2.69349     34.0140
    80.936      81.566     -1.6720     2.69509     34.0282
    81.438      82.072     -1.6620     2.69634     34.0339
    81.941      82.580     -1.6498     2.69765     34.0377
    82.447      83.090     -1.6418     2.69942     34.0528
    82.954      83.601     -1.6368     2.70079     34.0658
    83.459      84.110     -1.6323     2.70157     34.0712
    83.965      84.620     -1.6301     2.70207     34.0752
    84.472      85.131     -1.6286     2.70238     34.0775
    84.978      85.641     -1.6238     2.70273     34.0766
    85.483      86.150     -1.6181     2.70333     34.0781
    85.991      86.662     -1.6131     2.70435     34.0861
    86.503      87.178     -1.6081     2.70561     34.0976
    87.016      87.695     -1.6042     2.70666     34.1073
    87.527      88.210     -1.6012     2.70722     34.1113
    88.041      88.728     -1.5969     2.70760     34.1113
    88.557      89.248     -1.5934     2.70820     34.1154
    89.070      89.766     -1.5897     2.70897     34.1214
    89.584      90.284     -1.5842     2.70974     34.1256
    90.099      90.803     -1.5807     2.71045     34.1310
    90.614      91.322     -1.5757     2.71113     34.1343
    91.129      91.841     -1.5708     2.71193     34.1395
    91.642      92.358     -1.5663     2.71267     34.1442
    92.154      92.874     -1.5615     2.71330     34.1472
    92.668      93.392     -1.5563     2.71397     34.1501
    93.180      93.909     -1.5531     2.71469     34.1562
    93.694      94.427     -1.5496     2.71540     34.1617
    94.209      94.946     -1.5441     2.71584     34.1610
    94.724      95.465     -1.5399     2.71613     34.1600
    95.236      95.981     -1.5376     2.71671     34.1650
    95.744      96.493     -1.5319     2.71764     34.1711
    96.250      97.003     -1.5227     2.71878     34.1760
    96.753      97.510     -1.5152     2.71990     34.1826
    97.252      98.013     -1.5100     2.72105     34.1922
    97.751      98.516     -1.4995     2.72223     34.1961
    98.252      99.021     -1.4861     2.72310     34.1925
    98.757      99.530     -1.4754     2.72396     34.1917
    99.266     100.044     -1.4625     2.72533     34.1955
    99.780     100.562     -1.4451     2.72716     34.2006
   100.296     101.082     -1.4277     2.72894     34.2049
   100.814     101.604     -1.4163     2.73046     34.2125
   101.334     102.128     -1.4123     2.73157     34.2229
   101.854     102.652     -1.4042     2.73230     34.2233
   102.373     103.176     -1.3940     2.73319     34.2236
   102.895     103.702     -1.3838     2.73441     34.2284
   103.421     104.232     -1.3704     2.73611     34.2362
   103.948     104.763     -1.3526     2.73800     34.2415
   104.472     105.292     -1.3357     2.73947     34.2420
   104.997     105.821     -1.3295     2.74053     34.2492
   105.519     106.347     -1.3270     2.74122     34.2556
   106.040     106.872     -1.3220     2.74164     34.2552
   106.559     107.395     -1.3128     2.74227     34.2530
   107.075     107.916     -1.3029     2.74318     34.2539
   107.593     108.438     -1.2950     2.74407     34.2568
   108.108     108.957     -1.2915     2.74482     34.2628
   108.619     109.472     -1.2878     2.74563     34.2694
   109.124     109.981     -1.2784     2.74691     34.2758
   109.629     110.490     -1.2641     2.74898     34.2876
   110.134     110.999     -1.2423     2.75148     34.2967
   110.642     111.512     -1.2128     2.75366     34.2926
   111.156     112.030     -1.1869     2.75546     34.2872
   111.672     112.550     -1.1698     2.75711     34.2899
   112.186     113.068     -1.1589     2.75888     34.3015
   112.700     113.586     -1.1529     2.76049     34.3163
   113.215     114.106     -1.1445     2.76136     34.3182
   113.730     114.625     -1.1362     2.76194     34.3165
   114.245     115.144     -1.1290     2.76316     34.3246
   114.759     115.662     -1.1159     2.76495     34.3338
   115.272     116.179     -1.1001     2.76635     34.3345
   115.787     116.698     -1.0912     2.76684     34.3307
   116.300     117.216     -1.0848     2.76720     34.3279
   116.815     117.735     -1.0749     2.76857     34.3351
   117.333     118.257     -1.0581     2.77076     34.3455
   117.850     118.778     -1.0426     2.77260     34.3526
   118.364     119.296     -1.0312     2.77351     34.3516
   118.875     119.812     -1.0235     2.77384     34.3471
   119.386     120.327     -1.0127     2.77452     34.3436
   119.895     120.840     -1.0029     2.77567     34.3479
   120.400     121.349     -0.9962     2.77662     34.3528
   120.903     121.856     -0.9878     2.77710     34.3494
   121.405     122.362     -0.9804     2.77741     34.3449
   121.908     122.869     -0.9757     2.77783     34.3450
   122.409     123.374     -0.9705     2.77825     34.3445
   122.906     123.876     -0.9678     2.77848     34.3442
   123.400     124.374     -0.9666     2.77887     34.3478
   123.896     124.874     -0.9629     2.77987     34.3570
   124.395     125.377     -0.9545     2.78099     34.3623
   124.895     125.881     -0.9456     2.78154     34.3592
   125.397     126.387     -0.9407     2.78195     34.3590
   125.900     126.894     -0.9336     2.78279     34.3620
   126.404     127.402     -0.9176     2.78383     34.3576
   126.907     127.909     -0.9040     2.78502     34.3579
   127.409     128.415     -0.8887     2.78690     34.3657
   127.914     128.925     -0.8590     2.78895     34.3595
   128.427     129.442     -0.8315     2.79026     34.3456
   128.943     129.962     -0.8251     2.79186     34.3597
   129.459     130.482     -0.8238     2.79343     34.3792
   129.978     131.005     -0.8192     2.79386     34.3794
   130.498     131.530     -0.8093     2.79415     34.3718
   131.021     132.057     -0.7956     2.79508     34.3685
   131.542     132.582     -0.7794     2.79643     34.3681
   132.060     133.105     -0.7707     2.79766     34.3745
   132.575     133.624     -0.7663     2.79837     34.3788
   133.087     134.140     -0.7626     2.79925     34.3862
   133.597     134.654     -0.7580     2.80059     34.3987
   134.106     135.167     -0.7513     2.80157     34.4041
   134.616     135.682     -0.7440     2.80227     34.4049
   135.127     136.197     -0.7366     2.80305     34.4067
   135.636     136.710     -0.7292     2.80391     34.4096
   136.144     137.222     -0.7209     2.80491     34.4134
   136.649     137.731     -0.7116     2.80580     34.4145
   137.153     138.240     -0.7040     2.80644     34.4142
   137.653     138.744     -0.6983     2.80713     34.4167
   138.146     139.241     -0.6910     2.80820     34.4226
   138.637     139.736     -0.6809     2.80935     34.4263
   139.128     140.231     -0.6718     2.81014     34.4264
   139.615     140.722     -0.6630     2.81106     34.4284
   140.099     141.210     -0.6542     2.81258     34.4387
   140.581     141.696     -0.6412     2.81433     34.4473
   141.061     142.180     -0.6257     2.81573     34.4482
   141.540     142.663     -0.6120     2.81656     34.4435
   142.016     143.143     -0.6013     2.81717     34.4393
   142.491     143.622     -0.5932     2.81786     34.4391
   142.970     144.105     -0.5844     2.81896     34.4436
   143.450     144.589     -0.5713     2.82084     34.4539
   143.932     145.074     -0.5564     2.82260     34.4603
   144.415     145.561     -0.5445     2.82324     34.4551
   144.901     146.052     -0.5396     2.82331     34.4502
   145.390     146.545     -0.5356     2.82360     34.4492
   145.879     147.038     -0.5252     2.82428     34.4462
   146.368     147.531     -0.5185     2.82548     34.4544
   146.858     148.025     -0.5082     2.82772     34.4726
   147.352     148.523     -0.4916     2.83046     34.4902
   147.849     149.024     -0.4750     2.83220     34.4944
   148.346     149.525     -0.4647     2.83288     34.4916
   148.845     150.028     -0.4520     2.83347     34.4848
   149.347     150.534     -0.4357     2.83444     34.4791
   149.850     151.042     -0.4274     2.83591     34.4891
   150.352     151.548     -0.4159     2.83827     34.5073
   150.855     152.055     -0.3969     2.84085     34.5200
   151.362     152.566     -0.3800     2.84218     34.5185
   151.874     153.082     -0.3683     2.84232     34.5067
   152.385     153.598     -0.3595     2.84246     34.4983
   152.896     154.113     -0.3475     2.84330     34.4956
   153.406     154.627     -0.3361     2.84452     34.4987
   153.915     155.140     -0.3256     2.84641     34.5117
   154.424     155.654     -0.3108     2.84895     34.5286
   154.932     156.166     -0.2947     2.85083     34.5352
   155.439     156.677     -0.2795     2.85150     34.5267
   155.947     157.189     -0.2627     2.85174     34.5105
   156.452     157.698     -0.2420     2.85288     34.5020
   156.952     158.203     -0.2211     2.85536     34.5111
   157.452     158.707     -0.1970     2.85835     34.5235
   157.954     159.213     -0.1669     2.86075     34.5212
   158.457     159.720     -0.1516     2.86234     34.5246
   158.961     160.228     -0.1457     2.86364     34.5350
   159.465     160.737     -0.1421     2.86443     34.5411
   159.970     161.246     -0.1357     2.86463     34.5363
   160.474     161.754     -0.1251     2.86517     34.5312
   160.974     162.258     -0.1146     2.86640     34.5353
   161.472     162.760     -0.1049     2.86790     34.5440
   161.970     163.263     -0.0935     2.86945     34.5515
   162.473     163.770     -0.0772     2.87104     34.5538
   162.978     164.279     -0.0617     2.87263     34.5571
   163.486     164.791     -0.0518     2.87398     34.5636
   163.997     165.306     -0.0455     2.87483     34.5675
   164.510     165.824     -0.0375     2.87558     34.5681
   165.024     166.342     -0.0278     2.87683     34.5734
   165.540     166.862     -0.0164     2.87839     34.5808
   166.053     167.380     -0.0065     2.87979     34.5880
   166.566     167.897      0.0100     2.88122     34.5879
   167.079     168.414      0.0316     2.88278     34.5839
   167.593     168.933      0.0500     2.88423     34.5821
   168.113     169.457      0.0646     2.88561     34.5835
   168.633     169.981      0.0749     2.88702     34.5903
   169.151     170.504      0.0860     2.88873     34.6001
   169.671     171.028      0.0974     2.89060     34.6116
   170.191     171.552      0.1073     2.89203     34.6190
   170.712     172.078      0.1204     2.89302     34.6170
   171.234     172.604      0.1335     2.89395     34.6143
   171.755     173.130      0.1444     2.89510     34.6168
   172.277     173.656      0.1557     2.89643     34.6213
   172.798     174.181      0.1677     2.89780     34.6256
   173.316     174.704      0.1818     2.89896     34.6246
   173.833     175.225      0.1948     2.89989     34.6219
   174.350     175.746      0.2026     2.90081     34.6250
   174.866     176.267      0.2115     2.90202     34.6305
   175.383     176.788      0.2241     2.90372     34.6384
   175.901     177.310      0.2410     2.90565     34.6446
   176.420     177.834      0.2579     2.90736     34.6478
   176.943     178.361      0.2752     2.90860     34.6443
   177.465     178.888      0.2943     2.90966     34.6364
   177.990     179.417      0.3167     2.91109     34.6297
   178.516     179.947      0.3357     2.91296     34.6326
   179.041     180.477      0.3468     2.91493     34.6457
   179.568     181.008      0.3572     2.91669     34.6567
   180.094     181.539      0.3642     2.91784     34.6636
   180.621     182.070      0.3726     2.91849     34.6624
   181.146     182.600      0.3790     2.91913     34.6633
   181.673     183.131      0.3822     2.91968     34.6666
   182.197     183.660      0.3870     2.92023     34.6681
   182.723     184.190      0.3959     2.92106     34.6687
   183.247     184.718      0.4060     2.92228     34.6729
   183.768     185.244      0.4217     2.92415     34.6796
   184.289     185.769      0.4426     2.92648     34.6863
   184.807     186.292      0.4592     2.92850     34.6937
   185.324     186.813      0.4756     2.93009     34.6958
   185.842     187.335      0.4919     2.93148     34.6954
   186.358     187.856      0.5044     2.93253     34.6947
   186.877     188.379      0.5161     2.93338     34.6925
   187.399     188.906      0.5267     2.93440     34.6936
   187.926     189.437      0.5368     2.93553     34.6966
   188.452     189.968      0.5483     2.93695     34.7020
   188.979     190.499      0.5654     2.93857     34.7036
   189.507     191.031      0.5782     2.93967     34.7033
   190.033     191.562      0.5866     2.94014     34.6997
   190.557     192.090      0.5925     2.94031     34.6949
   191.080     192.618      0.5925     2.94028     34.6943
   191.603     193.145      0.5903     2.94012     34.6944
   192.126     193.673      0.5927     2.94023     34.6928
   192.649     194.200      0.5997     2.94105     34.6953
   193.171     194.727      0.6061     2.94225     34.7035
   193.696     195.256      0.6117     2.94321     34.7094
   194.222     195.787      0.6201     2.94386     34.7081
   194.749     196.318      0.6265     2.94442     34.7079
   195.274     196.848      0.6311     2.94522     34.7129
   195.800     197.378      0.6371     2.94621     34.7188
   196.327     197.910      0.6445     2.94715     34.7223
   196.855     198.442      0.6546     2.94832     34.7260
   197.380     198.971      0.6687     2.95028     34.7354
   197.904     199.500      0.6860     2.95281     34.7486
   198.431     200.031      0.7023     2.95511     34.7600
   198.957     200.562      0.7200     2.95705     34.7650
   199.485     201.094      0.7422     2.95926     34.7685
   200.014     201.628      0.7707     2.96210     34.7732
   200.544     202.162      0.7877     2.96441     34.7838
   201.071     202.694      0.7961     2.96543     34.7873
   201.599     203.226      0.8087     2.96632     34.7845
   202.128     203.760      0.8279     2.96772     34.7807
   202.660     204.297      0.8432     2.96901     34.7800
   203.192     204.833      0.8532     2.97024     34.7844
   203.719     205.365      0.8673     2.97189     34.7897
   204.246     205.896      0.8840     2.97361     34.7930
   204.773     206.428      0.8962     2.97483     34.7948
   205.299     206.958      0.9017     2.97543     34.7961
   205.823     207.487      0.9036     2.97583     34.7989
   206.350     208.018      0.9162     2.97695     34.7989
   206.878     208.551      0.9363     2.97884     34.8006
   207.404     209.081      0.9564     2.98093     34.8048
   207.927     209.609      0.9757     2.98295     34.8089
   208.453     210.139      0.9928     2.98472     34.8124
   208.979     210.670      1.0064     2.98653     34.8203
   209.504     211.199      1.0233     2.98813     34.8216
   210.029     211.729      1.0355     2.98890     34.8177
   210.558     212.262      1.0422     2.98920     34.8137
   211.088     212.797      1.0471     2.98927     34.8089
   211.622     213.335      1.0503     2.98922     34.8044
   212.158     213.876      1.0517     2.98922     34.8025
   212.696     214.419      1.0521     2.98915     34.8008
   213.240     214.967      1.0533     2.98898     34.7970
   213.786     215.518      1.0535     2.98891     34.7956
   214.330     216.067      1.0533     2.98895     34.7959
   214.875     216.616      1.0535     2.98888     34.7945
   215.415     217.161      1.0523     2.98870     34.7932
   215.951     217.702      1.0506     2.98855     34.7929
   216.487     218.242      1.0487     2.98841     34.7928
   217.023     218.783      1.0475     2.98831     34.7925
   217.558     219.322      1.0468     2.98828     34.7927
   218.090     219.859      1.0468     2.98827     34.7922
   218.622     220.396      1.0463     2.98829     34.7926
   219.157     220.935      1.0456     2.98827     34.7928
   219.691     221.474      1.0451     2.98818     34.7919
   220.224     222.011      1.0444     2.98813     34.7918
   220.758     222.550      1.0444     2.98817     34.7920
   221.296     223.093      1.0444     2.98844     34.7952
   221.841     223.642      1.0487     2.98927     34.8007
   222.386     224.192      1.0594     2.99075     34.8075
   222.928     224.739      1.0709     2.99230     34.8143
   223.470     225.285      1.0836     2.99358     34.8164
   224.009     225.829      1.0963     2.99493     34.8191
   224.547     226.372      1.1082     2.99640     34.8244
   225.087     226.916      1.1170     2.99771     34.8312
   225.626     227.460      1.1258     2.99884     34.8356
   226.167     228.006      1.1399     3.00022     34.8373
   226.710     228.554      1.1554     3.00222     34.8454
   227.255     229.103      1.1732     3.00493     34.8601
   227.798     229.651      1.1970     3.00810     34.8738
   228.342     230.200      1.2191     3.01055     34.8803
   228.886     230.748      1.2305     3.01143     34.8786
   229.428     231.295      1.2410     3.01162     34.8690
   229.969     231.841      1.2526     3.01205     34.8612
   230.510     232.386      1.2576     3.01242     34.8601
   231.051     232.932      1.2597     3.01249     34.8584
   231.594     233.480      1.2616     3.01239     34.8546
   232.136     234.027      1.2635     3.01205     34.8478
   232.676     234.571      1.2607     3.01156     34.8444
   233.212     235.112      1.2586     3.01121     34.8419
   233.749     235.654      1.2572     3.01105     34.8411
   234.291     236.200      1.2545     3.01089     34.8418
   234.830     236.744      1.2538     3.01071     34.8398
   235.366     237.285      1.2529     3.01044     34.8372
   235.904     237.827      1.2496     3.01011     34.8362
   236.443     238.371      1.2467     3.00984     34.8357
   236.983     238.916      1.2462     3.00970     34.8341
   237.524     239.461      1.2446     3.00960     34.8343
   238.064     240.006      1.2427     3.00947     34.8344
   238.606     240.553      1.2420     3.00938     34.8338
   239.147     241.099      1.2415     3.00940     34.8342
   239.688     241.644      1.2403     3.00942     34.8355
   240.228     242.189      1.2387     3.00937     34.8364
   240.771     242.737      1.2382     3.00929     34.8355
   241.312     243.283      1.2392     3.00925     34.8335
   241.854     243.829      1.2375     3.00923     34.8349
   242.397     244.377      1.2366     3.00922     34.8355
   242.940     244.925      1.2373     3.00917     34.8338
   243.484     245.474      1.2363     3.00909     34.8335
   244.029     246.023      1.2359     3.00905     34.8331
   244.574     246.573      1.2363     3.00904     34.8322
   245.120     247.124      1.2349     3.00903     34.8333
   245.663     247.672      1.2354     3.00903     34.8324
   246.204     248.217      1.2352     3.00903     34.8323
   246.742     248.760      1.2343     3.00902     34.8329
   247.282     249.305      1.2350     3.00906     34.8324
   247.822     249.849      1.2350     3.00914     34.8330
   248.361     250.393      1.2350     3.00917     34.8331
   248.899     250.936      1.2355     3.00917     34.8323
   249.436     251.478      1.2362     3.00917     34.8311
   249.975     252.021      1.2357     3.00913     34.8308
   250.513     252.564      1.2340     3.00904     34.8313
   251.053     253.109      1.2326     3.00896     34.8314
   251.595     253.656      1.2316     3.00887     34.8311
   252.139     254.204      1.2298     3.00878     34.8317
   252.681     254.751      1.2291     3.00870     34.8311
   253.223     255.298      1.2272     3.00865     34.8322
   253.767     255.847      1.2243     3.00855     34.8339
   254.313     256.397      1.2234     3.00840     34.8326
   254.860     256.949      1.2225     3.00832     34.8322
   255.406     257.500      1.2241     3.00831     34.8301
   255.954     258.053      1.2241     3.00832     34.8298
   256.501     258.605      1.2220     3.00835     34.8322
   257.048     259.157      1.2225     3.00839     34.8318
   257.595     259.708      1.2227     3.00841     34.8315
   258.141     260.259      1.2225     3.00854     34.8332
   258.685     260.808      1.2237     3.00895     34.8367
   259.227     261.355      1.2277     3.00956     34.8397
   259.768     261.900      1.2365     3.01015     34.8372
   260.305     262.442      1.2441     3.01064     34.8347
   260.840     262.982      1.2489     3.01126     34.8370
   261.377     263.524      1.2531     3.01235     34.8460
   261.916     264.067      1.2572     3.01361     34.8572
   262.457     264.613      1.2657     3.01446     34.8584
   262.999     265.160      1.2795     3.01508     34.8506
   263.541     265.707      1.2912     3.01583     34.8468
   264.082     266.253      1.3026     3.01698     34.8486
   264.624     266.799      1.3121     3.01833     34.8549
   265.163     267.343      1.3102     3.01890     34.8641
   265.702     267.887      1.3076     3.01884     34.8658
   266.241     268.431      1.3130     3.01918     34.8639
   266.780     268.974      1.3178     3.01968     34.8646
   267.315     269.514      1.3230     3.01987     34.8610
   267.850     270.054      1.3265     3.02000     34.8584
   268.386     270.595      1.3265     3.02011     34.8595
   268.924     271.137      1.3266     3.02015     34.8596
   269.463     271.681      1.3266     3.02023     34.8603
   270.002     272.225      1.3271     3.02038     34.8613
   270.538     272.766      1.3282     3.02049     34.8613
   271.072     273.304      1.3289     3.02057     34.8611
   271.606     273.843      1.3290     3.02057     34.8606
   272.143     274.385      1.3285     3.02053     34.8604
   272.683     274.930      1.3292     3.02060     34.8602
   273.221     275.473      1.3313     3.02067     34.8585
   273.757     276.013      1.3318     3.02064     34.8572
   274.292     276.553      1.3321     3.02063     34.8565
   274.829     277.095      1.3309     3.02066     34.8578
   275.366     277.637      1.3302     3.02062     34.8577
   275.902     278.177      1.3302     3.02058     34.8569
   276.437     278.717      1.3292     3.02056     34.8576
   276.970     279.255      1.3278     3.02055     34.8587
   277.503     279.793      1.3273     3.02051     34.8583
   278.037     280.331      1.3266     3.02043     34.8578
   278.570     280.869      1.3271     3.02041     34.8567
   279.103     281.407      1.3302     3.02068     34.8564
   279.637     281.946      1.3357     3.02135     34.8585
   280.172     282.485      1.3437     3.02210     34.8589
   280.707     283.025      1.3544     3.02282     34.8558
   281.244     283.567      1.3601     3.02379     34.8616
   281.782     284.110      1.3637     3.02481     34.8703
   282.322     284.655      1.3663     3.02541     34.8748
   282.865     285.202      1.3698     3.02587     34.8764
   283.404     285.746      1.3798     3.02651     34.8732
   283.938     286.285      1.3893     3.02706     34.8693
   284.471     286.823      1.3917     3.02744     34.8711
   285.007     287.363      1.3931     3.02775     34.8732
   285.546     287.907      1.3931     3.02787     34.8745
   286.086     288.452      1.3941     3.02787     34.8731
   286.628     288.999      1.3950     3.02787     34.8718
   287.171     289.547      1.3948     3.02790     34.8721
   287.714     290.095      1.3949     3.02792     34.8719
   288.257     290.643      1.3933     3.02779     34.8716
   288.802     291.192      1.3917     3.02750     34.8695
   289.348     291.743      1.3884     3.02717     34.8685
   289.896     292.296      1.3791     3.02680     34.8738
   290.441     292.846      1.3673     3.02638     34.8813
   290.984     293.394      1.3623     3.02580     34.8791
   291.523     293.938      1.3609     3.02514     34.8719
   292.062     294.482      1.3588     3.02472     34.8686
   292.600     295.024      1.3602     3.02458     34.8648
   293.136     295.565      1.3604     3.02445     34.8627
   293.673     296.107      1.3548     3.02427     34.8663
   294.209     296.648      1.3491     3.02404     34.8694
   294.746     297.190      1.3455     3.02371     34.8689
   295.284     297.733      1.3429     3.02340     34.8675
   295.822     298.275      1.3436     3.02327     34.8647
   296.358     298.816      1.3447     3.02322     34.8626
   296.893     299.356      1.3419     3.02314     34.8643
   297.431     299.899      1.3398     3.02311     34.8660
   297.971     300.444      1.3412     3.02326     34.8660
   298.508     300.986      1.3452     3.02376     34.8677
   299.044     301.526      1.3490     3.02460     34.8738
   299.582     302.069      1.3547     3.02545     34.8780
   300.123     302.615      1.3639     3.02601     34.8746
   300.663     303.160      1.3706     3.02632     34.8708
   301.202     303.704      1.3775     3.02680     34.8690
   301.739     304.246      1.3838     3.02757     34.8715
   302.276     304.788      1.3832     3.02803     34.8777
   302.813     305.329      1.3832     3.02833     34.8812
   303.349     305.870      1.3929     3.02901     34.8788
   303.885     306.411      1.4002     3.02962     34.8781
   304.423     306.954      1.4047     3.02998     34.8774
   304.959     307.495      1.4066     3.03029     34.8790
   305.493     308.034      1.4059     3.03045     34.8815
   306.030     308.575      1.4052     3.03047     34.8822
   306.570     309.120      1.4097     3.03061     34.8787
   307.109     309.664      1.4170     3.03099     34.8751
   307.643     310.203      1.4279     3.03188     34.8740
   308.173     310.738      1.4390     3.03332     34.8797
   308.698     311.267      1.4402     3.03434     34.8910
   309.220     311.794      1.4355     3.03452     34.8983
   309.743     312.322      1.4416     3.03468     34.8933
   310.268     312.852      1.4515     3.03503     34.8865
   310.795     313.383      1.4554     3.03524     34.8845
   311.316     313.909      1.4547     3.03532     34.8860
   311.832     314.430      1.4547     3.03538     34.8863
   312.349     314.952      1.4528     3.03520     34.8859
   312.870     315.477      1.4485     3.03476     34.8848
   313.392     316.004      1.4445     3.03442     34.8846
   313.912     316.529      1.4397     3.03417     34.8865
   314.431     317.052      1.4355     3.03384     34.8866
   314.946     317.572      1.4334     3.03352     34.8845
   315.460     318.091      1.4334     3.03334     34.8819
   315.976     318.611      1.4320     3.03316     34.8809
   316.494     319.134      1.4279     3.03291     34.8819
   317.011     319.656      1.4227     3.03268     34.8845
   317.526     320.176      1.4191     3.03245     34.8852
   318.039     320.693      1.4172     3.03201     34.8814
   318.551     321.210      1.4139     3.03154     34.8788
   319.062     321.726      1.4122     3.03139     34.8785
   319.578     322.246      1.4089     3.03128     34.8805
   320.095     322.768      1.4037     3.03108     34.8834
   320.611     323.289      1.4012     3.03095     34.8842
   321.126     323.808      1.4026     3.03092     34.8819
   321.638     324.325      1.4035     3.03095     34.8810
   322.147     324.839      1.4040     3.03095     34.8801
   322.659     325.355      1.4016     3.03083     34.8810
   323.173     325.874      1.3988     3.03069     34.8821
   323.685     326.391      1.3952     3.03050     34.8834
   324.193     326.903      1.3912     3.03010     34.8824
   324.697     327.412      1.3883     3.02964     34.8794
   325.201     327.920      1.3883     3.02947     34.8770
   325.705     328.429      1.3878     3.02952     34.8779
   326.211     328.940      1.3862     3.02947     34.8788
   326.716     329.449      1.3800     3.02928     34.8829
   327.217     329.955      1.3691     3.02880     34.8885
   327.718     330.460      1.3625     3.02797     34.8851
   328.217     330.964      1.3606     3.02730     34.8783
   328.715     331.467      1.3589     3.02702     34.8763
   329.218     331.974      1.3561     3.02679     34.8762
   329.726     332.487      1.3497     3.02638     34.8778
   330.238     333.003      1.3409     3.02596     34.8819
   330.748     333.518      1.3374     3.02564     34.8814
   331.258     334.033      1.3378     3.02545     34.8782
   331.770     334.549      1.3399     3.02548     34.8760
   332.281     335.065      1.3402     3.02550     34.8756
   332.792     335.581      1.3350     3.02526     34.8780
   333.305     336.099      1.3286     3.02491     34.8803
   333.819     336.617      1.3262     3.02473     34.8804
   334.331     337.134      1.3305     3.02494     34.8780
   334.842     337.650      1.3331     3.02543     34.8811
   335.353     338.165      1.3343     3.02568     34.8826
   335.865     338.682      1.3331     3.02558     34.8824
   336.380     339.202      1.3269     3.02540     34.8867
   336.899     339.725      1.3215     3.02510     34.8886
   337.417     340.248      1.3203     3.02472     34.8847
   337.936     340.772      1.3205     3.02441     34.8802
   338.455     341.296      1.3219     3.02429     34.8768
   338.973     341.819      1.3214     3.02431     34.8774
   339.490     342.340      1.3198     3.02430     34.8787
   340.006     342.861      1.3170     3.02416     34.8798
   340.522     343.382      1.3105     3.02380     34.8821
   341.037     343.901      1.3037     3.02305     34.8798
   341.546     344.415      1.3034     3.02233     34.8706
   342.053     344.927      1.3017     3.02213     34.8696
   342.561     345.440      1.2972     3.02209     34.8739
   343.072     345.955      1.2949     3.02195     34.8743
   343.579     346.467      1.2925     3.02187     34.8757
   344.085     346.978      1.2911     3.02191     34.8774
   344.590     347.487      1.2921     3.02203     34.8776
   345.091     347.993      1.2925     3.02216     34.8784
   345.593     348.499      1.2921     3.02225     34.8797
   346.097     349.008      1.2939     3.02234     34.8786
   346.604     349.520      1.2937     3.02238     34.8791
   347.111     350.031      1.2923     3.02240     34.8805
   347.616     350.541      1.2913     3.02215     34.8781
   348.121     351.051      1.2889     3.02159     34.8733
   348.628     351.562      1.2865     3.02123     34.8712
   349.136     352.075      1.2799     3.02090     34.8739
   349.646     352.590      1.2655     3.02024     34.8812
   350.155     353.104      1.2547     3.01958     34.8845
   350.663     353.616      1.2527     3.01907     34.8799
   351.170     354.128      1.2507     3.01878     34.8781
   351.675     354.638      1.2495     3.01866     34.8776
   352.179     355.146      1.2495     3.01858     34.8763
   352.684     355.656      1.2486     3.01851     34.8761
   353.190     356.167      1.2458     3.01838     34.8773
   353.698     356.679      1.2426     3.01813     34.8773
   354.203     357.189      1.2402     3.01774     34.8748
   354.707     357.698      1.2388     3.01748     34.8726
   355.214     358.209      1.2384     3.01749     34.8730
   355.723     358.723      1.2363     3.01753     34.8754
   356.232     359.237      1.2336     3.01745     34.8772
   356.743     359.753      1.2310     3.01737     34.8788
   357.258     360.272      1.2296     3.01734     34.8795
   357.771     360.790      1.2312     3.01734     34.8775
   358.283     361.307      1.2300     3.01727     34.8776
   358.796     361.825      1.2293     3.01725     34.8778
   359.310     362.343      1.2307     3.01741     34.8781
   359.820     362.858      1.2343     3.01768     34.8772
   360.328     363.371      1.2341     3.01774     34.8779
   360.835     363.882      1.2291     3.01737     34.8784
   361.339     364.391      1.2260     3.01699     34.8767
   361.840     364.897      1.2241     3.01691     34.8776
   362.343     365.404      1.2224     3.01684     34.8783
   362.851     365.917      1.2162     3.01653     34.8809
   363.359     366.430      1.2063     3.01586     34.8830
   363.864     366.940      1.1992     3.01492     34.8786
   364.366     367.446      1.1939     3.01424     34.8755
   364.863     367.948      1.1920     3.01409     34.8753
   365.361     368.451      1.1923     3.01411     34.8750
   365.861     368.955      1.1909     3.01402     34.8751
   366.361     369.460      1.1852     3.01378     34.8781
   366.861     369.965      1.1820     3.01350     34.8778
   367.364     370.472      1.1806     3.01330     34.8765
   367.864     370.977      1.1792     3.01318     34.8762
   368.363     371.481      1.1790     3.01319     34.8762
   368.864     371.986      1.1804     3.01327     34.8754
   369.366     372.493      1.1768     3.01330     34.8795
   369.868     373.000      1.1747     3.01326     34.8811
   370.369     373.505      1.1747     3.01319     34.8799
   370.865     374.006      1.1757     3.01315     34.8780
   371.357     374.502      1.1761     3.01308     34.8763
   371.849     374.999      1.1737     3.01296     34.8771
   372.344     375.499      1.1704     3.01281     34.8787
   372.841     376.000      1.1656     3.01248     34.8794
   373.335     376.499      1.1604     3.01199     34.8787
   373.827     376.996      1.1564     3.01151     34.8767
   374.321     377.494      1.1547     3.01120     34.8743
   374.813     377.991      1.1547     3.01114     34.8733
   375.306     378.488      1.1544     3.01118     34.8737
   375.802     378.989      1.1509     3.01114     34.8769
   376.300     379.492      1.1504     3.01115     34.8773
   376.797     379.993      1.1502     3.01126     34.8786
   377.290     380.491      1.1504     3.01126     34.8781
   377.784     380.990      1.1497     3.01112     34.8769
   378.279     381.489      1.1478     3.01108     34.8781
   378.775     381.990      1.1454     3.01110     34.8808
   379.270     382.490      1.1437     3.01102     34.8813
   379.765     382.989      1.1392     3.01082     34.8835
   380.259     383.488      1.1383     3.01058     34.8812
   380.755     383.988      1.1385     3.01043     34.8787
   381.251     384.489      1.1364     3.01038     34.8801
   381.749     384.992      1.1342     3.01037     34.8822
   382.251     385.498      1.1342     3.01038     34.8819
   382.752     386.004      1.1338     3.01038     34.8821
   383.253     386.510      1.1335     3.01038     34.8821
   383.750     387.012      1.1333     3.01030     34.8811
   384.245     387.511      1.1324     3.01020     34.8805
   384.738     388.009      1.1335     3.01024     34.8795
   385.231     388.507      1.1342     3.01035     34.8799
   385.728     389.008      1.1338     3.01039     34.8805
   386.227     389.512      1.1307     3.01031     34.8826
   386.726     390.016      1.1276     3.01012     34.8833
   387.224     390.518      1.1269     3.01001     34.8824
   387.720     391.019      1.1261     3.01012     34.8844
   388.217     391.521      1.1288     3.01028     34.8832
   388.716     392.024      1.1295     3.01034     34.8828
   389.218     392.531      1.1295     3.01042     34.8836
   389.718     393.036      1.1305     3.01053     34.8837
   390.216     393.538      1.1309     3.01054     34.8830
   390.714     394.041      1.1290     3.01047     34.8839
   391.214     394.546      1.1297     3.01043     34.8824
   391.716     395.053      1.1290     3.01044     34.8830
   392.221     395.562      1.1276     3.01052     34.8853
   392.726     396.072      1.1319     3.01070     34.8825
   393.231     396.582      1.1300     3.01065     34.8837
   393.735     397.091      1.1261     3.01028     34.8829
   394.239     397.599      1.1233     3.01003     34.8827
   394.744     398.109      1.1207     3.01000     34.8849
   395.250     398.620      1.1195     3.00996     34.8853
   395.757     399.132      1.1178     3.00983     34.8853
   396.263     399.643      1.1150     3.00963     34.8856
   396.767     400.151      1.1128     3.00947     34.8856
   397.265     400.654      1.1138     3.00934     34.8826
   397.759     401.153      1.1124     3.00920     34.8820
   398.254     401.652      1.1105     3.00920     34.8838
   398.751     402.154      1.1145     3.00940     34.8816
   399.252     402.660      1.1142     3.00956     34.8837
   399.755     403.168      1.1118     3.00963     34.8870
   400.259     403.676      1.1104     3.00958     34.8876
   400.759     404.181      1.1100     3.00932     34.8844
   401.258     404.685      1.1093     3.00908     34.8819
   401.758     405.190      1.1069     3.00897     34.8829
   402.259     405.695      1.1019     3.00875     34.8854
   402.760     406.201      1.0973     3.00842     34.8859
   403.263     406.709      1.0919     3.00804     34.8867
   403.762     407.213      1.0880     3.00755     34.8845
   404.257     407.712      1.0861     3.00708     34.8803
   404.751     408.211      1.0830     3.00683     34.8802
   405.249     408.714      1.0800     3.00681     34.8830
   405.750     409.219      1.0788     3.00684     34.8844
   406.252     409.726      1.0764     3.00681     34.8865
   406.753     410.232      1.0781     3.00691     34.8856
   407.252     410.736      1.0814     3.00722     34.8856
   407.749     411.237      1.0824     3.00742     34.8867
   408.246     411.739      1.0809     3.00736     34.8874
   408.744     412.242      1.0817     3.00730     34.8854
   409.245     412.748      1.0805     3.00732     34.8867
   409.753     413.260      1.0819     3.00727     34.8842
   410.259     413.771      1.0801     3.00695     34.8818
   410.763     414.280      1.0757     3.00653     34.8810
   411.264     414.786      1.0714     3.00619     34.8811
   411.764     415.291      1.0674     3.00590     34.8816
   412.267     415.798      1.0638     3.00565     34.8821
   412.771     416.307      1.0593     3.00541     34.8837
   413.276     416.817      1.0547     3.00517     34.8854
   413.779     417.325      1.0562     3.00545     34.8871
   414.279     417.830      1.0624     3.00643     34.8925
   414.775     418.330      1.0667     3.00719     34.8971
   415.268     418.828      1.0698     3.00733     34.8952
   415.763     419.328      1.0722     3.00732     34.8921
   416.263     419.833      1.0736     3.00735     34.8907
   416.767     420.341      1.0722     3.00734     34.8917
   417.272     420.851      1.0701     3.00713     34.8912
   417.776     421.360      1.0701     3.00683     34.8869
   418.280     421.869      1.0701     3.00658     34.8835
   418.786     422.380      1.0682     3.00641     34.8831
   419.296     422.895      1.0639     3.00623     34.8853
   419.809     423.412      1.0594     3.00600     34.8871
   420.320     423.928      1.0530     3.00566     34.8896
   420.829     424.442      1.0497     3.00525     34.8876
   421.332     424.950      1.0497     3.00478     34.8813
   421.831     425.454      1.0461     3.00439     34.8800
   422.332     425.960      1.0429     3.00436     34.8829
   422.841     426.473      1.0396     3.00448     34.8878
   423.354     426.991      1.0349     3.00433     34.8908
   423.868     427.510      1.0292     3.00376     34.8896
   424.378     428.025      1.0225     3.00293     34.8861
   424.885     428.537      1.0189     3.00229     34.8815
   425.387     429.044      1.0175     3.00198     34.8789
   425.888     429.550      1.0125     3.00179     34.8817
   426.390     430.056      1.0068     3.00162     34.8855
   426.895     430.566      1.0052     3.00141     34.8843
   427.402     431.078      1.0030     3.00108     34.8823
   427.906     431.587      0.9977     3.00067     34.8826
   428.408     432.094      0.9963     3.00032     34.8793
   428.912     432.603      0.9939     3.00007     34.8786
   429.418     433.114      0.9918     2.99998     34.8794
   429.929     433.629      0.9911     2.99992     34.8792
   430.441     434.146      0.9844     2.99969     34.8833
   430.955     434.665      0.9780     2.99912     34.8828
   431.466     435.181      0.9713     2.99833     34.8798
   431.972     435.692      0.9673     2.99772     34.8762
   432.475     436.200      0.9652     2.99748     34.8751
   432.980     436.710      0.9630     2.99753     34.8779
   433.487     437.222      0.9611     2.99762     34.8809
   433.995     437.735      0.9554     2.99738     34.8839
   434.503     438.247      0.9511     2.99700     34.8835
   435.007     438.756      0.9516     2.99680     34.8801
   435.508     439.262      0.9513     2.99672     34.8791
   436.004     439.763      0.9494     2.99672     34.8809
   436.501     440.265      0.9482     2.99679     34.8828
   437.003     440.772      0.9475     2.99674     34.8827
   437.510     441.283      0.9452     2.99643     34.8809
   438.017     441.795      0.9402     2.99600     34.8808
   438.521     442.304      0.9380     2.99584     34.8808
   439.023     442.811      0.9375     2.99589     34.8818
   439.525     443.318      0.9368     2.99585     34.8817
   440.030     443.828      0.9350     2.99570     34.8815
   440.538     444.341      0.9311     2.99553     34.8833
   441.047     444.855      0.9283     2.99528     34.8829
   441.556     445.369      0.9256     2.99492     34.8810
   442.065     445.882      0.9240     2.99456     34.8779
   442.570     446.392      0.9212     2.99432     34.8776
   443.073     446.900      0.9185     2.99423     34.8791
   443.576     447.408      0.9173     2.99420     34.8798
   444.081     447.918      0.9138     2.99398     34.8805
   444.589     448.431      0.9081     2.99342     34.8795
   445.096     448.943      0.9035     2.99283     34.8766
   445.599     449.451      0.8989     2.99241     34.8761
   446.099     449.956      0.8961     2.99216     34.8757
   446.597     450.458      0.8940     2.99207     34.8766
   447.095     450.961      0.8935     2.99207     34.8768
   447.595     451.466      0.8899     2.99202     34.8799
   448.097     451.973      0.8861     2.99190     34.8824
   448.601     452.482      0.8868     2.99183     34.8804
   449.104     452.990      0.8868     2.99182     34.8800
   449.604     453.494      0.8868     2.99175     34.8787
   450.101     453.996      0.8854     2.99160     34.8780
   450.598     454.498      0.8828     2.99147     34.8790
   451.093     454.998      0.8807     2.99134     34.8793
   451.587     455.497      0.8771     2.99109     34.8799
   452.083     455.998      0.8739     2.99081     34.8796
   452.580     456.499      0.8725     2.99060     34.8782
   453.075     456.999      0.8726     2.99040     34.8752
   453.568     457.497      0.8707     2.99021     34.8745
   454.064     457.998      0.8664     2.99011     34.8778
   454.566     458.505      0.8623     2.99004     34.8812
   455.072     459.016      0.8580     2.98979     34.8824
   455.580     459.529      0.8549     2.98932     34.8795
   456.087     460.041      0.8521     2.98889     34.8768
   456.592     460.550      0.8504     2.98868     34.8757
   457.095     461.058      0.8492     2.98862     34.8760
   457.598     461.566      0.8453     2.98857     34.8794
   458.105     462.078      0.8430     2.98845     34.8801
   458.615     462.593      0.8416     2.98830     34.8794
   459.125     463.108      0.8406     2.98813     34.8781
   459.632     463.620      0.8387     2.98797     34.8778
   460.136     464.129      0.8375     2.98785     34.8773
   460.639     464.637      0.8354     2.98775     34.8781
   461.145     465.148      0.8318     2.98755     34.8792
   461.654     465.662      0.8273     2.98722     34.8797
   462.163     466.176      0.8227     2.98688     34.8801
   462.673     466.691      0.8189     2.98648     34.8788
   463.181     467.204      0.8143     2.98607     34.8785
   463.685     467.713      0.8129     2.98583     34.8766
   464.188     468.221      0.8120     2.98575     34.8763
   464.692     468.729      0.8116     2.98583     34.8774
   465.203     469.245      0.8120     2.98594     34.8781
   465.718     469.765      0.8096     2.98589     34.8798
   466.232     470.285      0.8077     2.98561     34.8780
   466.744     470.802      0.8036     2.98513     34.8761
   467.252     471.314      0.7986     2.98461     34.8747
   467.756     471.823      0.7972     2.98428     34.8718
   468.259     472.331      0.7941     2.98414     34.8731
   468.766     472.843      0.7908     2.98406     34.8754
   469.274     473.356      0.7879     2.98401     34.8778
   469.782     473.869      0.7879     2.98401     34.8775
   470.289     474.381      0.7869     2.98398     34.8779
   470.794     474.891      0.7855     2.98394     34.8787
   471.299     475.401      0.7855     2.98397     34.8787
   471.804     475.911      0.7855     2.98397     34.8785
   472.311     476.423      0.7845     2.98392     34.8786
   472.821     476.938      0.7831     2.98383     34.8787
   473.332     477.454      0.7807     2.98361     34.8783
   473.844     477.971      0.7752     2.98325     34.8794
   474.355     478.487      0.7709     2.98293     34.8798
   474.863     479.000      0.7697     2.98276     34.8786
   475.370     479.512      0.7697     2.98267     34.8772
   475.878     480.025      0.7666     2.98255     34.8788
   476.388     480.540      0.7642     2.98242     34.8795
   476.898     481.055      0.7623     2.98224     34.8790
   477.407     481.569      0.7597     2.98187     34.8768
   477.913     482.080      0.7544     2.98130     34.8751
   478.415     482.587      0.7498     2.98071     34.8723
   478.913     483.090      0.7474     2.98034     34.8699
   479.411     483.593      0.7446     2.98023     34.8713
   479.914     484.101      0.7405     2.98013     34.8744
   480.419     484.611      0.7357     2.97992     34.8767
   480.924     485.121      0.7314     2.97964     34.8775
   481.428     485.630      0.7287     2.97933     34.8762
   481.931     486.138      0.7285     2.97914     34.8737
   482.432     486.644      0.7292     2.97918     34.8731
   482.932     487.148      0.7282     2.97932     34.8758
   483.431     487.652      0.7268     2.97936     34.8776
   483.933     488.159      0.7244     2.97921     34.8781
   484.439     488.670      0.7213     2.97910     34.8798
   484.949     489.185      0.7230     2.97914     34.8781
   485.456     489.697      0.7244     2.97919     34.8769
   485.959     490.205      0.7244     2.97923     34.8772
   486.462     490.713      0.7244     2.97928     34.8774
   486.970     491.226      0.7239     2.97928     34.8777
   487.484     491.745      0.7236     2.97924     34.8773
   488.001     492.268      0.7233     2.97917     34.8763
   488.522     492.794      0.7214     2.97908     34.8770
   489.045     493.322      0.7197     2.97895     34.8769
   489.564     493.846      0.7169     2.97869     34.8764
   490.079     494.366      0.7128     2.97824     34.8749
   490.599     494.891      0.7066     2.97772     34.8748
   491.128     495.425      0.7006     2.97734     34.8763
   491.663     495.966      0.6987     2.97713     34.8753
   492.208     496.516      0.6966     2.97696     34.8752
   492.761     497.075      0.6944     2.97684     34.8757
   493.319     497.638      0.6939     2.97676     34.8749
   493.869     498.194      0.6936     2.97668     34.8740
   494.410     498.740      0.6929     2.97664     34.8739
   494.946     499.281      0.6902     2.97663     34.8765
   495.478     499.819      0.6895     2.97659     34.8764
   496.008     500.354      0.6881     2.97642     34.8755
   496.535     500.886      0.6845     2.97610     34.8750
   497.058     501.414      0.6809     2.97569     34.8735
   497.578     501.939      0.6787     2.97533     34.8710
   498.093     502.460      0.6777     2.97509     34.8686
   498.605     502.977      0.6744     2.97500     34.8708
   499.116     503.493      0.6715     2.97499     34.8736
   499.628     504.010      0.6705     2.97495     34.8740
   500.139     504.526      0.6681     2.97491     34.8758
   500.647     505.039      0.6667     2.97486     34.8764
   501.152     505.549      0.6662     2.97471     34.8747
   501.654     506.056      0.6645     2.97451     34.8738
   502.154     506.561      0.6626     2.97439     34.8740
   502.655     507.067      0.6609     2.97430     34.8745
   503.160     507.577      0.6595     2.97423     34.8748
   503.667     508.089      0.6590     2.97423     34.8751
   504.172     508.599      0.6588     2.97430     34.8759
   504.676     509.108      0.6590     2.97426     34.8749
   505.178     509.615      0.6573     2.97407     34.8740
   505.679     510.121      0.6549     2.97387     34.8739
   506.181     510.628      0.6525     2.97374     34.8746
   506.685     511.137      0.6501     2.97365     34.8758
   507.191     511.648      0.6482     2.97353     34.8761
   507.699     512.161      0.6465     2.97341     34.8762
   508.206     512.673      0.6446     2.97337     34.8775
   508.708     513.180      0.6453     2.97342     34.8770
   509.205     513.682      0.6470     2.97355     34.8765
   509.701     514.183      0.6463     2.97371     34.8790
   510.201     514.688      0.6468     2.97382     34.8797
   510.704     515.196      0.6465     2.97378     34.8792
   511.209     515.706      0.6446     2.97359     34.8786
   511.714     516.216      0.6434     2.97344     34.8776
   512.217     516.724      0.6422     2.97339     34.8780
   512.716     517.228      0.6414     2.97339     34.8786
   513.212     517.729      0.6419     2.97339     34.8778
   513.708     518.230      0.6416     2.97335     34.8773
   514.209     518.736      0.6392     2.97325     34.8784
   514.715     519.247      0.6349     2.97295     34.8790
   515.222     519.759      0.6292     2.97240     34.8780
   515.726     520.268      0.6265     2.97201     34.8756
   516.227     520.774      0.6248     2.97194     34.8764
   516.726     521.278      0.6234     2.97201     34.8786
   517.223     521.780      0.6234     2.97206     34.8788
   517.720     522.282      0.6239     2.97206     34.8780
   518.216     522.783      0.6236     2.97197     34.8769
   518.710     523.282      0.6208     2.97174     34.8767
   519.200     523.777      0.6181     2.97150     34.8764
   519.690     524.272      0.6169     2.97142     34.8764
   520.180     524.767      0.6162     2.97141     34.8768
   520.671     525.263      0.6162     2.97145     34.8770
   521.164     525.761      0.6157     2.97148     34.8776
   521.657     526.259      0.6136     2.97135     34.8780
   522.154     526.761      0.6100     2.97099     34.8771
   522.653     527.265      0.6059     2.97059     34.8762
   523.151     527.768      0.6030     2.97033     34.8758
   523.642     528.264      0.6020     2.97013     34.8740
   524.130     528.757      0.5996     2.96997     34.8744
   524.618     529.250      0.5977     2.96992     34.8756
   525.113     529.749      0.5970     2.96991     34.8759
   525.611     530.253      0.5945     2.96982     34.8773
   526.112     530.759      0.5909     2.96962     34.8784
   526.614     531.266      0.5895     2.96943     34.8772
   527.114     531.771      0.5863     2.96930     34.8788
   527.611     532.273      0.5859     2.96922     34.8779
   528.105     532.772      0.5868     2.96914     34.8756
   528.599     533.271      0.5856     2.96910     34.8761
   529.098     533.775      0.5830     2.96904     34.8780
   529.601     534.283      0.5782     2.96883     34.8803
   530.107     534.794      0.5753     2.96848     34.8787
   530.613     535.305      0.5743     2.96820     34.8759
   531.119     535.816      0.5729     2.96807     34.8754
   531.623     536.325      0.5726     2.96799     34.8745
   532.124     536.831      0.5718     2.96795     34.8746
   532.626     537.338      0.5710     2.96795     34.8751
   533.130     537.847      0.5700     2.96795     34.8760
   533.637     538.359      0.5693     2.96795     34.8765
   534.143     538.870      0.5679     2.96790     34.8771
   534.644     539.377      0.5657     2.96774     34.8772
   535.141     539.879      0.5647     2.96755     34.8756
   535.635     540.378      0.5638     2.96747     34.8752
   536.129     540.877      0.5641     2.96747     34.8746
   536.624     541.377      0.5624     2.96746     34.8762
   537.122     541.880      0.5615     2.96746     34.8768
   537.623     542.386      0.5612     2.96742     34.8764
   538.123     542.891      0.5588     2.96734     34.8777
   538.619     543.392      0.5574     2.96726     34.8779
   539.115     543.893      0.5569     2.96714     34.8766
   539.611     544.394      0.5557     2.96702     34.8762
   540.110     544.898      0.5545     2.96698     34.8766
   540.612     545.405      0.5538     2.96697     34.8770
   541.114     545.912      0.5529     2.96688     34.8766
   541.615     546.418      0.5505     2.96669     34.8765
   542.113     546.921      0.5481     2.96648     34.8762
   542.608     547.421      0.5462     2.96632     34.8759
   543.103     547.921      0.5450     2.96620     34.8754
   543.603     548.426      0.5433     2.96611     34.8758
   544.108     548.936      0.5409     2.96602     34.8771
   544.616     549.449      0.5381     2.96589     34.8782
   545.125     549.964      0.5349     2.96564     34.8783
   545.635     550.479      0.5325     2.96537     34.8771
   546.143     550.992      0.5311     2.96521     34.8763
   546.651     551.505      0.5307     2.96516     34.8758
   547.161     552.020      0.5295     2.96511     34.8763
   547.673     552.538      0.5288     2.96504     34.8758
   548.187     553.057      0.5288     2.96504     34.8755
   548.701     553.576      0.5288     2.96504     34.8752
   549.214     554.094      0.5274     2.96501     34.8761
   549.725     554.610      0.5266     2.96509     34.8777
   550.232     555.123      0.5283     2.96516     34.8765
   550.737     555.633      0.5271     2.96513     34.8771
   551.241     556.142      0.5269     2.96505     34.8760
   551.747     556.653      0.5263     2.96497     34.8753
   552.256     557.167      0.5236     2.96485     34.8764
   552.764     557.680      0.5219     2.96473     34.8765
   553.267     558.188      0.5200     2.96463     34.8771
   553.764     558.691      0.5193     2.96451     34.8760
   554.259     559.191      0.5183     2.96436     34.8748
   554.754     559.691      0.5164     2.96424     34.8751
   555.250     560.192      0.5152     2.96420     34.8756
   555.748     560.695      0.5140     2.96419     34.8766
   556.246     561.198      0.5133     2.96419     34.8771
   556.745     561.702      0.5128     2.96419     34.8773
   557.241     562.203      0.5126     2.96419     34.8773
   557.731     562.698      0.5129     2.96415     34.8761
   558.219     563.191      0.5117     2.96407     34.8762
   558.710     563.687      0.5100     2.96399     34.8767
   559.207     564.189      0.5072     2.96385     34.8778
   559.705     564.692      0.5045     2.96364     34.8778
   560.199     565.191      0.5014     2.96331     34.8767
   560.689     565.686      0.4968     2.96291     34.8763
   561.178     566.180      0.4954     2.96258     34.8734
   561.666     566.673      0.4935     2.96237     34.8725
   562.154     567.166      0.4906     2.96225     34.8738
   562.644     567.661      0.4892     2.96220     34.8744
   563.138     568.160      0.4870     2.96215     34.8760
   563.636     568.663      0.4865     2.96208     34.8753
   564.135     569.167      0.4858     2.96199     34.8747
   564.631     569.669      0.4845     2.96187     34.8743
   565.125     570.168      0.4823     2.96176     34.8750
   565.616     570.664      0.4818     2.96172     34.8747
   566.107     571.160      0.4806     2.96172     34.8758
   566.602     571.660      0.4813     2.96176     34.8753
   567.101     572.164      0.4821     2.96185     34.8752
   567.601     572.669      0.4804     2.96193     34.8779
   568.101     573.174      0.4816     2.96206     34.8779
   568.598     573.676      0.4833     2.96219     34.8774
   569.093     574.176      0.4843     2.96232     34.8777
   569.586     574.674      0.4846     2.96248     34.8791
   570.081     575.174      0.4865     2.96256     34.8778
   570.578     575.676      0.4867     2.96257     34.8774
   571.076     576.180      0.4860     2.96253     34.8774
   571.577     576.686      0.4846     2.96245     34.8777
   572.075     577.189      0.4829     2.96241     34.8787
   572.570     577.689      0.4836     2.96237     34.8771
   573.060     578.184      0.4836     2.96229     34.8758
   573.550     578.679      0.4827     2.96225     34.8760
   574.043     579.177      0.4808     2.96224     34.8777
   574.539     579.678      0.4796     2.96219     34.8781
   575.036     580.180      0.4779     2.96202     34.8775
   575.531     580.680      0.4755     2.96175     34.8763
   576.022     581.176      0.4741     2.96151     34.8745
   576.509     581.668      0.4727     2.96137     34.8741
   576.994     582.158      0.4695     2.96129     34.8762
   577.483     582.652      0.4671     2.96124     34.8780
   577.977     583.152      0.4662     2.96119     34.8781
   578.474     583.654      0.4659     2.96112     34.8772
   578.968     584.153      0.4650     2.96104     34.8769
   579.458     584.648      0.4652     2.96096     34.8754
   579.946     585.141      0.4650     2.96097     34.8754
   580.434     585.634      0.4648     2.96104     34.8763
   580.922     586.127      0.4634     2.96108     34.8781
   581.413     586.623      0.4629     2.96108     34.8784
   581.908     587.123      0.4627     2.96104     34.8778
   582.406     587.626      0.4624     2.96097     34.8768
   582.904     588.129      0.4620     2.96092     34.8764
   583.397     588.627      0.4624     2.96089     34.8752
   583.885     589.121      0.4610     2.96085     34.8760
   584.375     589.616      0.4605     2.96084     34.8762
   584.866     590.112      0.4593     2.96084     34.8772
   585.361     590.612      0.4582     2.96083     34.8781
   585.860     591.116      0.4565     2.96075     34.8786
   586.359     591.620      0.4541     2.96059     34.8790
   586.857     592.123      0.4527     2.96047     34.8787
   587.352     592.623      0.4527     2.96043     34.8778
   587.843     593.119      0.4527     2.96039     34.8769
   588.333     593.615      0.4522     2.96031     34.8762
   588.828     594.115      0.4501     2.96021     34.8770
   589.326     594.618      0.4465     2.96000     34.8780
   589.826     595.123      0.4433     2.95964     34.8766
   590.325     595.627      0.4400     2.95932     34.8758
   590.822     596.129      0.4371     2.95914     34.8765
   591.315     596.627      0.4361     2.95905     34.8761
   591.806     597.123      0.4337     2.95890     34.8766
   592.298     597.621      0.4313     2.95870     34.8764
   592.792     598.120      0.4285     2.95849     34.8765
   593.287     598.620      0.4263     2.95836     34.8770
   593.782     599.120      0.4258     2.95830     34.8765
   594.274     599.617      0.4246     2.95818     34.8759
   594.762     600.110      0.4244     2.95802     34.8738
   595.248     600.601      0.4241     2.95786     34.8718
   595.733     601.091      0.4213     2.95773     34.8729
   596.218     601.581      0.4177     2.95759     34.8749
   596.704     602.072      0.4145     2.95738     34.8755
   597.191     602.564      0.4107     2.95710     34.8758
   597.676     603.054      0.4070     2.95686     34.8765
   598.158     603.541      0.4060     2.95669     34.8751
   598.637     604.025      0.4051     2.95654     34.8739
   599.118     604.511      0.4048     2.95649     34.8734
   599.602     605.000      0.4024     2.95652     34.8761
   600.089     605.492      0.4010     2.95648     34.8769
   600.577     605.986      0.3996     2.95636     34.8766
   601.069     606.483      0.3969     2.95616     34.8768
   601.563     606.982      0.3957     2.95600     34.8757
   602.052     607.476      0.3950     2.95592     34.8752
   602.538     607.967      0.3940     2.95588     34.8755
   603.020     608.454      0.3931     2.95592     34.8767
   603.503     608.942      0.3938     2.95596     34.8762
   603.988     609.432      0.3938     2.95597     34.8760
   604.477     609.926      0.3938     2.95597     34.8758
   604.964     610.418      0.3938     2.95597     34.8755
   605.449     610.908      0.3933     2.95593     34.8752
   605.929     611.393      0.3926     2.95582     34.8742
   606.405     611.874      0.3916     2.95571     34.8736
   606.881     612.355      0.3902     2.95570     34.8748
   607.362     612.841      0.3892     2.95572     34.8760
   607.847     613.331      0.3878     2.95565     34.8763
   608.335     613.824      0.3868     2.95554     34.8757
   608.821     614.316      0.3854     2.95549     34.8763
   609.304     614.804      0.3843     2.95544     34.8766
   609.783     615.288      0.3829     2.95527     34.8758
   610.260     615.770      0.3810     2.95504     34.8745
   610.738     616.253      0.3767     2.95483     34.8763
   611.218     616.738      0.3745     2.95465     34.8763
   611.701     617.226      0.3735     2.95450     34.8751
   612.185     617.715      0.3716     2.95442     34.8759
   612.669     618.204      0.3709     2.95445     34.8768
   613.147     618.687      0.3714     2.95445     34.8759
   613.620     619.165      0.3711     2.95433     34.8745
   614.089     619.639      0.3678     2.95416     34.8757
   614.558     620.113      0.3644     2.95396     34.8766
   615.024     620.583      0.3632     2.95376     34.8750
   615.485     621.049      0.3615     2.95362     34.8749
   615.940     621.509      0.3595     2.95345     34.8746
   616.386     621.960      0.3564     2.95313     34.8737
   616.820     622.398      0.3509     2.95281     34.8754
   617.235     622.818      0.3480     2.95267     34.8766
   617.630     623.217      0.3470     2.95262     34.8768
   617.996     623.587      0.3451     2.95250     34.8772
   618.325     623.919      0.3439     2.95239     34.8770
   618.602     624.199      0.3446     2.95240     34.8761
   618.820     624.419      0.3458     2.95247     34.8756
   618.984     624.585      0.3444     2.95251     34.8775
   619.105     624.707      0.3439     2.95247     34.8775
   619.191     624.794      0.3432     2.95236     34.8769
   619.244     624.848      0.3432     2.95229     34.8759
   619.263     624.867      0.3437     2.95233     34.8758
