North Pole Environmental Observatory   ÑÑÑ   2002 Aerial CTD Survey
Cast 11 (Hydro-1)    86deg 37.1'N _ 164deg 59.5'E  4/27/2002 _ 1850 UTC

  Depth(m)  Pres(dbar)    Temp(degC)   Cond(S/m)    Sal(psu)
#
     0.504       0.508     -1.6759     2.48668     31.1985
     0.506       0.510     -1.6752     2.48656     31.1962
     0.508       0.512     -1.6747     2.48642     31.1937
     0.512       0.516     -1.6729     2.48601     31.1862
     0.517       0.521     -1.6719     2.48570     31.1808
     0.523       0.527     -1.6727     2.48633     31.1904
     0.530       0.534     -1.6732     2.48695     31.1995
     0.541       0.545     -1.6734     2.48653     31.1938
     0.554       0.558     -1.6726     2.48601     31.1859
     0.570       0.574     -1.6726     2.48636     31.1906
     0.592       0.596     -1.6736     2.48578     31.1838
     0.616       0.621     -1.6746     2.48398     31.1599
     0.643       0.648     -1.6729     2.48319     31.1473
     0.672       0.677     -1.6704     2.48331     31.1463
     0.703       0.708     -1.6684     2.48393     31.1527
     0.737       0.743     -1.6676     2.48496     31.1660
     0.780       0.786     -1.6656     2.48534     31.1692
     0.831       0.837     -1.6656     2.48514     31.1664
     0.885       0.892     -1.6711     2.48517     31.1725
     0.942       0.949     -1.6731     2.48538     31.1775
     1.002       1.010     -1.6733     2.48372     31.1548
     1.069       1.077     -1.6746     2.48225     31.1359
     1.145       1.154     -1.6785     2.48479     31.1748
     1.232       1.241     -1.6810     2.48683     31.2055
     1.330       1.340     -1.6830     2.48645     31.2023
     1.440       1.451     -1.6853     2.48581     31.1959
     1.569       1.581     -1.6890     2.48141     31.1391
     1.723       1.736     -1.6917     2.47471     31.0496
     1.902       1.916     -1.6935     2.47208     31.0151
     2.103       2.119     -1.6949     2.46980     30.9851
     2.324       2.342     -1.6954     2.46470     30.9154
     2.568       2.588     -1.6967     2.46129     30.8696
     2.835       2.857     -1.6959     2.46020     30.8537
     3.125       3.149     -1.6952     2.45979     30.8471
     3.439       3.465     -1.6969     2.45964     30.8466
     3.779       3.808     -1.6962     2.45953     30.8441
     4.141       4.173     -1.6961     2.45949     30.8432
     4.522       4.556     -1.6961     2.45948     30.8430
     4.920       4.957     -1.6966     2.45948     30.8433
     5.332       5.373     -1.6974     2.45948     30.8439
     5.759       5.803     -1.6974     2.45949     30.8437
     6.200       6.247     -1.6974     2.45953     30.8440
     6.650       6.701     -1.6974     2.45957     30.8442
     7.110       7.164     -1.6969     2.45958     30.8436
     7.578       7.636     -1.6966     2.45962     30.8435
     8.057       8.118     -1.6968     2.45966     30.8440
     8.543       8.608     -1.6966     2.45967     30.8436
     9.035       9.104     -1.6968     2.45971     30.8441
     9.534       9.607     -1.6966     2.45978     30.8447
    10.037      10.114     -1.6968     2.45982     30.8451
    10.545      10.625     -1.6961     2.45983     30.8442
    11.055      11.139     -1.6966     2.45983     30.8444
    11.569      11.657     -1.6973     2.45983     30.8448
    12.086      12.178     -1.6973     2.45983     30.8446
    12.602      12.698     -1.6968     2.45988     30.8443
    13.119      13.219     -1.6965     2.45996     30.8448
    13.637      13.741     -1.6973     2.46004     30.8465
    14.156      14.264     -1.6968     2.46012     30.8468
    14.677      14.789     -1.6965     2.46016     30.8467
    15.197      15.313     -1.6972     2.46017     30.8473
    15.720      15.840     -1.6967     2.46021     30.8470
    16.246      16.370     -1.6965     2.46029     30.8475
    16.776      16.904     -1.6972     2.46033     30.8485
    17.310      17.442     -1.6967     2.46034     30.8478
    17.848      17.984     -1.6965     2.46043     30.8485
    18.392      18.533     -1.6972     2.46063     30.8516
    18.943      19.088     -1.6972     2.46086     30.8546
    19.493      19.642     -1.6967     2.46107     30.8565
    20.042      20.195     -1.6959     2.46120     30.8571
    20.590      20.747     -1.6964     2.46128     30.8585
    21.133      21.295     -1.6967     2.46136     30.8596
    21.676      21.842     -1.6959     2.46144     30.8596
    22.219      22.389     -1.6964     2.46149     30.8603
    22.762      22.936     -1.6972     2.46149     30.8609
    23.306      23.484     -1.6966     2.46154     30.8606
    23.852      24.035     -1.6964     2.46161     30.8611
    24.403      24.590     -1.6966     2.46165     30.8615
    24.954      25.145     -1.6964     2.46166     30.8611
    25.504      25.699     -1.6966     2.46166     30.8609
    26.054      26.254     -1.6959     2.46166     30.8599
    26.606      26.810     -1.6964     2.46166     30.8601
    27.158      27.366     -1.6976     2.46170     30.8616
    27.710      27.922     -1.6978     2.46178     30.8625
    28.263      28.480     -1.6966     2.46186     30.8621
    28.815      29.036     -1.6958     2.46194     30.8621
    29.364      29.589     -1.6963     2.46199     30.8629
    29.912      30.141     -1.6971     2.46203     30.8640
    30.458      30.692     -1.6966     2.46211     30.8642
    31.000      31.238     -1.6963     2.46215     30.8642
    31.537      31.779     -1.6970     2.46215     30.8646
    32.076      32.322     -1.6965     2.46216     30.8638
    32.618      32.868     -1.6958     2.46220     30.8634
    33.161      33.416     -1.6958     2.46229     30.8643
    33.705      33.964     -1.6958     2.46237     30.8651
    34.248      34.511     -1.6963     2.46243     30.8660
    34.789      35.056     -1.6965     2.46247     30.8665
    35.330      35.601     -1.6962     2.46249     30.8661
    35.871      36.147     -1.6970     2.46253     30.8672
    36.413      36.693     -1.6970     2.46260     30.8679
    36.953      37.237     -1.6965     2.46269     30.8682
    37.492      37.780     -1.6957     2.46277     30.8682
    38.032      38.324     -1.6957     2.46282     30.8685
    38.570      38.867     -1.6957     2.46288     30.8690
    39.111      39.412     -1.6957     2.46312     30.8721
    39.654      39.959     -1.6952     2.46468     30.8927
    40.199      40.508     -1.6934     2.46980     30.9609
    40.742      41.056     -1.6919     2.47749     31.0648
    41.287      41.605     -1.6909     2.48514     31.1688
    41.834      42.156     -1.6889     2.49326     31.2781
    42.383      42.709     -1.6872     2.50317     31.4125
    42.928      43.259     -1.6842     2.51676     31.5963
    43.474      43.809     -1.6814     2.53128     31.7932
    44.023      44.362     -1.6822     2.54049     31.9208
    44.574      44.917     -1.6844     2.54523     31.9883
    45.125      45.473     -1.6839     2.54982     32.0508
    45.680      46.032     -1.6836     2.55492     32.1206
    46.238      46.594     -1.6854     2.55910     32.1799
    46.794      47.155     -1.6868     2.56260     32.2294
    47.351      47.716     -1.6873     2.56591     32.2755
    47.909      48.279     -1.6886     2.56932     32.3237
    48.470      48.844     -1.6898     2.57360     32.3838
    49.030      49.408     -1.6911     2.57773     32.4420
    49.588      49.971     -1.6928     2.58073     32.4851
    50.148      50.535     -1.6953     2.58347     32.5253
    50.710      51.101     -1.6968     2.58660     32.5700
    51.272      51.668     -1.6963     2.58988     32.6144
    51.838      52.238     -1.6955     2.59310     32.6578
    52.405      52.810     -1.6960     2.59685     32.7100
    52.971      53.380     -1.6967     2.60123     32.7711
    53.534      53.948     -1.6957     2.60499     32.8217
    54.098      54.516     -1.6942     2.60790     32.8599
    54.663      55.085     -1.6932     2.61130     32.9056
    55.226      55.653     -1.6922     2.61578     32.9662
    55.789      56.220     -1.6939     2.62061     33.0348
    56.352      56.788     -1.6964     2.62494     33.0972
    56.917      57.357     -1.6994     2.62857     33.1505
    57.480      57.925     -1.7031     2.63166     33.1973
    58.045      58.494     -1.7059     2.63442     33.2383
    58.609      59.062     -1.7046     2.63693     33.2714
    59.169      59.627     -1.7021     2.63919     33.2996
    59.729      60.191     -1.7064     2.64108     33.3303
    60.287      60.754     -1.7126     2.64269     33.3592
    60.849      61.320     -1.7146     2.64453     33.3867
    61.411      61.887     -1.7158     2.64659     33.4163
    61.974      62.454     -1.7170     2.64858     33.4449
    62.537      63.021     -1.7168     2.65060     33.4724
    63.099      63.588     -1.7148     2.65232     33.4938
    63.659      64.152     -1.7135     2.65368     33.5108
    64.217      64.715     -1.7128     2.65496     33.5275
    64.776      65.278     -1.7118     2.65625     33.5440
    65.334      65.841     -1.7093     2.65767     33.5605
    65.890      66.401     -1.7073     2.65896     33.5758
    66.443      66.958     -1.7060     2.65985     33.5863
    66.994      67.514     -1.7042     2.66084     33.5976
    67.546      68.070     -1.7022     2.66231     33.6155
    68.100      68.628     -1.7015     2.66378     33.6347
    68.656      69.189     -1.7005     2.66512     33.6519
    69.216      69.753     -1.6985     2.66654     33.6690
    69.777      70.319     -1.6962     2.66782     33.6838
    70.337      70.883     -1.6920     2.66896     33.6946
    70.894      71.445     -1.6880     2.67021     33.7071
    71.454      72.009     -1.6860     2.67161     33.7238
    72.013      72.572     -1.6837     2.67312     33.7419
    72.573      73.137     -1.6810     2.67462     33.7593
    73.135      73.703     -1.6787     2.67593     33.7746
    73.699      74.272     -1.6750     2.67699     33.7847
    74.265      74.842     -1.6722     2.67803     33.7956
    74.830      75.412     -1.6710     2.67908     33.8085
    75.398      75.984     -1.6692     2.68003     33.8192
    75.964      76.555     -1.6672     2.68085     33.8280
    76.528      77.123     -1.6650     2.68148     33.8339
    77.090      77.690     -1.6617     2.68209     33.8382
    77.652      78.256     -1.6597     2.68288     33.8465
    78.214      78.823     -1.6569     2.68389     33.8571
    78.776      79.389     -1.6535     2.68503     33.8686
    79.340      79.958     -1.6512     2.68609     33.8804
    79.907      80.529     -1.6475     2.68704     33.8890
    80.474      81.101     -1.6437     2.68783     33.8952
    81.041      81.672     -1.6415     2.68847     33.9012
    81.605      82.241     -1.6400     2.68916     33.9088
    82.166      82.806     -1.6372     2.68989     33.9154
    82.727      83.372     -1.6355     2.69056     33.9224
    83.289      83.938     -1.6325     2.69128     33.9286
    83.853      84.507     -1.6282     2.69220     33.9361
    84.417      85.075     -1.6232     2.69337     33.9463
    84.980      85.643     -1.6187     2.69461     33.9579
    85.546      86.213     -1.6135     2.69585     33.9689
    86.113      86.785     -1.6075     2.69709     33.9788
    86.682      87.358     -1.6028     2.69829     33.9898
    87.249      87.930     -1.5960     2.69956     33.9993
    87.815      88.500     -1.5901     2.70075     34.0087
    88.376      89.066     -1.5853     2.70175     34.0167
    88.932      89.626     -1.5801     2.70267     34.0232
    89.485      90.184     -1.5758     2.70362     34.0311
    90.036      90.739     -1.5703     2.70460     34.0380
    90.582      91.290     -1.5646     2.70550     34.0436
    91.127      91.839     -1.5596     2.70626     34.0481
    91.669      92.385     -1.5546     2.70701     34.0524
    92.210      92.931     -1.5507     2.70782     34.0589
    92.752      93.477     -1.5472     2.70860     34.0653
    93.295      94.024     -1.5427     2.70936     34.0703
    93.838      94.572     -1.5369     2.71019     34.0748
    94.386      95.124     -1.5292     2.71118     34.0793
    94.934      95.677     -1.5235     2.71219     34.0865
    95.483      96.230     -1.5180     2.71310     34.0925
    96.030      96.781     -1.5118     2.71394     34.0966
    96.575      97.331     -1.5056     2.71477     34.1006
    97.121      97.881     -1.4999     2.71560     34.1052
    97.668      98.433     -1.4934     2.71650     34.1099
    98.219      98.988     -1.4862     2.71738     34.1135
    98.771      99.545     -1.4792     2.71831     34.1180
    99.323     100.101     -1.4689     2.71954     34.1229
    99.875     100.657     -1.4582     2.72090     34.1291
   100.425     101.212     -1.4474     2.72232     34.1359
   100.977     101.768     -1.4360     2.72380     34.1430
   101.526     102.322     -1.4236     2.72527     34.1488
   102.076     102.876     -1.4127     2.72651     34.1531
   102.628     103.433     -1.4040     2.72748     34.1561
   103.181     103.990     -1.3934     2.72869     34.1604
   103.732     104.546     -1.3817     2.73024     34.1680
   104.284     105.102     -1.3691     2.73189     34.1759
   104.836     105.659     -1.3525     2.73353     34.1793
   105.388     106.215     -1.3383     2.73498     34.1826
   105.939     106.770     -1.3215     2.73657     34.1849
   106.487     107.323     -1.3066     2.73827     34.1910
   107.038     107.878     -1.2968     2.73978     34.2001
   107.590     108.435     -1.2822     2.74133     34.2044
   108.145     108.994     -1.2651     2.74307     34.2085
   108.698     109.552     -1.2460     2.74495     34.2121
   109.250     110.108     -1.2297     2.74665     34.2165
   109.802     110.665     -1.2161     2.74818     34.2215
   110.356     111.223     -1.1993     2.74985     34.2250
   110.911     111.783     -1.1852     2.75148     34.2309
   111.465     112.341     -1.1706     2.75322     34.2377
   112.016     112.897     -1.1538     2.75508     34.2436
   112.568     113.453     -1.1385     2.75666     34.2474
   113.119     114.009     -1.1183     2.75842     34.2481
   113.673     114.567     -1.0988     2.76045     34.2533
   114.225     115.124     -1.0810     2.76237     34.2589
   114.780     115.683     -1.0620     2.76434     34.2638
   115.335     116.243     -1.0403     2.76657     34.2691
   115.892     116.804     -1.0211     2.76854     34.2739
   116.447     117.364     -1.0095     2.76979     34.2774
   117.002     117.923     -0.9977     2.77093     34.2791
   117.553     118.479     -0.9867     2.77228     34.2846
   118.104     119.034     -0.9770     2.77340     34.2885
   118.655     119.590     -0.9701     2.77415     34.2904
   119.208     120.147     -0.9605     2.77510     34.2921
   119.764     120.708     -0.9483     2.77636     34.2951
   120.323     121.271     -0.9421     2.77711     34.2978
   120.882     121.835     -0.9352     2.77795     34.3011
   121.442     122.400     -0.9173     2.77998     34.3080
   122.003     122.965     -0.8941     2.78245     34.3147
   122.562     123.529     -0.8708     2.78471     34.3187
   123.119     124.090     -0.8467     2.78697     34.3216
   123.676     124.652     -0.8255     2.78932     34.3290
   124.233     125.213     -0.8022     2.79169     34.3342
   124.786     125.771     -0.7818     2.79364     34.3372
   125.337     126.326     -0.7654     2.79529     34.3406
   125.888     126.882     -0.7521     2.79666     34.3436
   126.443     127.441     -0.7457     2.79749     34.3472
   127.000     128.003     -0.7360     2.79848     34.3492
   127.559     128.567     -0.7198     2.80013     34.3529
   128.117     129.129     -0.7066     2.80172     34.3589
   128.673     129.690     -0.6965     2.80271     34.3606
   129.230     130.251     -0.6870     2.80367     34.3623
   129.787     130.813     -0.6769     2.80479     34.3657
   130.347     131.378     -0.6708     2.80558     34.3691
   130.907     131.942     -0.6649     2.80624     34.3709
   131.466     132.506     -0.6524     2.80738     34.3718
   132.027     133.071     -0.6421     2.80855     34.3755
   132.589     133.638     -0.6385     2.80914     34.3791
   133.150     134.204     -0.6299     2.80998     34.3804
   133.711     134.769     -0.6126     2.81170     34.3835
   134.272     135.335     -0.5984     2.81327     34.3883
   134.836     135.903     -0.5903     2.81438     34.3937
   135.398     136.470     -0.5759     2.81591     34.3976
   135.959     137.036     -0.5602     2.81748     34.4005
   136.523     137.604     -0.5543     2.81827     34.4042
   137.087     138.173     -0.5494     2.81897     34.4076
   137.651     138.742     -0.5353     2.82048     34.4117
   138.215     139.310     -0.5191     2.82228     34.4172
   138.778     139.878     -0.5079     2.82343     34.4195
   139.339     140.444     -0.4881     2.82506     34.4186
   139.899     141.008     -0.4541     2.82800     34.4192
   140.457     141.571     -0.4361     2.83034     34.4300
   141.017     142.135     -0.4208     2.83209     34.4357
   141.572     142.695     -0.3902     2.83485     34.4378
   142.127     143.255     -0.3621     2.83760     34.4425
   142.685     143.817     -0.3527     2.83879     34.4474
   143.244     144.381     -0.3447     2.83970     34.4502
   143.807     144.948     -0.3305     2.84127     34.4547
   144.372     145.518     -0.3147     2.84284     34.4575
   144.937     146.088     -0.3025     2.84406     34.4597
   145.502     146.657     -0.3028     2.84452     34.4659
   146.062     147.222     -0.2930     2.84543     34.4666
   146.620     147.785     -0.2674     2.84772     34.4679
   147.176     148.345     -0.2499     2.84975     34.4749
   147.732     148.906     -0.2308     2.85168     34.4786
   148.290     149.469     -0.2064     2.85405     34.4825
   148.851     150.034     -0.1970     2.85543     34.4898
   149.410     150.598     -0.1948     2.85575     34.4912
   149.969     151.162     -0.1904     2.85632     34.4935
   150.530     151.727     -0.1775     2.85775     34.4977
   151.093     152.295     -0.1641     2.85927     34.5025
   151.660     152.867     -0.1554     2.86009     34.5031
   152.230     153.441     -0.1428     2.86102     34.5009
   152.801     154.017     -0.1246     2.86266     34.5019
   153.378     154.599     -0.1144     2.86410     34.5092
   153.957     155.183     -0.1103     2.86475     34.5128
   154.536     155.767     -0.0967     2.86585     34.5117
   155.113     156.348     -0.0739     2.86804     34.5148
   155.687     156.927     -0.0550     2.87042     34.5247
   156.259     157.504     -0.0365     2.87242     34.5301
   156.828     158.078     -0.0266     2.87348     34.5325
   157.397     158.651     -0.0223     2.87391     34.5331
   157.962     159.221     -0.0080     2.87530     34.5351
   158.523     159.787      0.0146     2.87757     34.5392
   159.084     160.352      0.0235     2.87895     34.5472
   159.645     160.918      0.0340     2.88023     34.5520
   160.207     161.485      0.0543     2.88235     34.5569
   160.769     162.051      0.0706     2.88381     34.5574
   161.329     162.616      0.0730     2.88427     34.5604
   161.889     163.181      0.0749     2.88449     34.5609
   162.450     163.747      0.0828     2.88532     34.5627
   163.010     164.311      0.1048     2.88736     34.5645
   163.568     164.874      0.1249     2.88940     34.5685
   164.126     165.437      0.1319     2.89034     34.5726
   164.685     166.000      0.1445     2.89140     34.5721
   165.241     166.561      0.1634     2.89327     34.5752
   165.794     167.119      0.1699     2.89449     34.5836
   166.347     167.676      0.1696     2.89467     34.5861
   166.899     168.233      0.1688     2.89509     34.5921
   167.452     168.790      0.1680     2.89644     34.6106
   168.003     169.346      0.1805     2.89834     34.6212
   168.555     169.903      0.2098     2.90004     34.6102
   169.107     170.459      0.2277     2.90109     34.6036
   169.658     171.015      0.2414     2.90241     34.6053
   170.210     171.572      0.2593     2.90441     34.6111
   170.765     172.131      0.2685     2.90565     34.6167
   171.321     172.692      0.2719     2.90588     34.6156
   171.876     173.252      0.2721     2.90592     34.6155
   172.431     173.811      0.2719     2.90602     34.6167
   172.986     174.371      0.2741     2.90623     34.6168
   173.540     174.930      0.2864     2.90727     34.6162
   174.093     175.487      0.3050     2.90915     34.6197
   174.644     176.043      0.3120     2.91039     34.6278
   175.197     176.601      0.3154     2.91082     34.6293
   175.753     177.161      0.3224     2.91192     34.6355
   176.309     177.722      0.3405     2.91406     34.6429
   176.867     178.285      0.3641     2.91626     34.6449
   177.425     178.847      0.3844     2.91797     34.6443
   177.980     179.407      0.3919     2.91889     34.6475
   178.535     179.967      0.3933     2.91920     34.6497
   179.093     180.529      0.3938     2.91943     34.6518
   179.651     181.092      0.3959     2.91964     34.6519
   180.208     181.654      0.4063     2.92052     34.6514
   180.766     182.216      0.4215     2.92216     34.6555
   181.321     182.776      0.4272     2.92320     34.6624
   181.874     183.334      0.4318     2.92357     34.6617
   182.429     183.894      0.4432     2.92447     34.6604
   182.990     184.459      0.4567     2.92585     34.6629
   183.554     185.028      0.4615     2.92665     34.6677
   184.118     185.597      0.4721     2.92762     34.6682
   184.680     186.164      0.4937     2.92969     34.6706
   185.243     186.731      0.5113     2.93154     34.6748
   185.803     187.296      0.5159     2.93225     34.6785
   186.359     187.857      0.5178     2.93243     34.6785
   186.917     188.420      0.5185     2.93250     34.6783
   187.478     188.985      0.5185     2.93257     34.6788
   188.039     189.551      0.5239     2.93315     34.6799
   188.598     190.115      0.5390     2.93464     34.6821
   189.156     190.678      0.5522     2.93622     34.6876
   189.716     191.242      0.5558     2.93686     34.6916
   190.274     191.805      0.5568     2.93695     34.6913
   190.831     192.367      0.5573     2.93705     34.6918
   191.391     192.932      0.5564     2.93721     34.6945
   191.953     193.498      0.5643     2.93794     34.6949
   192.513     194.063      0.5861     2.93996     34.6965
   193.072     194.627      0.6061     2.94223     34.7032
   193.632     195.192      0.6130     2.94329     34.7090
   194.194     195.758      0.6154     2.94356     34.7095
   194.754     196.323      0.6171     2.94377     34.7100
   195.313     196.887      0.6266     2.94454     34.7091
   195.872     197.451      0.6414     2.94617     34.7133
   196.432     198.015      0.6604     2.94826     34.7190
   196.990     198.578      0.6781     2.95022     34.7243
   197.545     199.138      0.6841     2.95125     34.7306
   198.098     199.696      0.6856     2.95150     34.7319
   198.648     200.250      0.6856     2.95158     34.7326
   199.198     200.805      0.6861     2.95168     34.7331
   199.751     201.363      0.6902     2.95221     34.7350
   200.309     201.925      0.7034     2.95360     34.7379
   200.866     202.487      0.7190     2.95520     34.7409
   201.423     203.049      0.7331     2.95684     34.7461
   201.983     203.614      0.7505     2.95869     34.7503
   202.544     204.180      0.7563     2.95975     34.7572
   203.106     204.746      0.7597     2.96042     34.7618
   203.667     205.312      0.7719     2.96177     34.7653
   204.230     205.880      0.7855     2.96321     34.7684
   204.795     206.450      0.7960     2.96463     34.7748
   205.360     207.020      0.8102     2.96628     34.7799
   205.926     207.590      0.8198     2.96726     34.7815
   206.491     208.160      0.8239     2.96751     34.7799
   207.054     208.728      0.8246     2.96763     34.7803
   207.616     209.295      0.8246     2.96772     34.7811
   208.178     209.862      0.8265     2.96807     34.7832
   208.741     210.430      0.8366     2.96910     34.7850
   209.303     210.996      0.8497     2.97042     34.7870
   209.862     211.560      0.8538     2.97111     34.7911
   210.422     212.125      0.8555     2.97127     34.7908
   210.982     212.690      0.8579     2.97134     34.7888
   211.540     213.253      0.8588     2.97141     34.7883
   212.096     213.813      0.8576     2.97147     34.7901
   212.651     214.373      0.8574     2.97149     34.7903
   213.207     214.934      0.8577     2.97152     34.7900
   213.763     215.495      0.8584     2.97159     34.7898
   214.317     216.054      0.8596     2.97170     34.7896
   214.870     216.611      0.8616     2.97224     34.7939
   215.421     217.167      0.8747     2.97365     34.7973
   215.972     217.723      0.8926     2.97555     34.8015
   216.525     218.281      0.9036     2.97697     34.8071
   217.081     218.841      0.9077     2.97754     34.8096
   217.633     219.398      0.9084     2.97768     34.8104
   218.184     219.954      0.9084     2.97772     34.8105
   218.734     220.509      0.9084     2.97775     34.8106
   219.283     221.062      0.9089     2.97781     34.8105
   219.827     221.611      0.9101     2.97784     34.8093
   220.366     222.155      0.9099     2.97788     34.8096
   220.903     222.696      0.9090     2.97794     34.8110
   221.440     223.238      0.9097     2.97797     34.8103
   221.981     223.784      0.9097     2.97796     34.8099
   222.520     224.327      0.9097     2.97795     34.8094
   223.059     224.871      0.9097     2.97794     34.8090
   223.599     225.416      0.9092     2.97797     34.8097
   224.142     225.963      0.9090     2.97804     34.8104
   224.683     226.509      0.9092     2.97807     34.8103
   225.224     227.055      0.9090     2.97807     34.8102
   225.765     227.600      0.9097     2.97811     34.8095
   226.301     228.141      0.9097     2.97817     34.8100
   226.832     228.677      0.9098     2.97817     34.8096
   227.365     229.214      0.9103     2.97813     34.8082
   227.897     229.751      0.9105     2.97816     34.8080
   228.427     230.285      0.9093     2.97819     34.8095
   228.949     230.812      0.9081     2.97823     34.8110
   229.467     231.334      0.9084     2.97830     34.8112
   229.977     231.849      0.9093     2.97834     34.8104
   230.479     232.355      0.9096     2.97834     34.8098
   230.971     232.851      0.9105     2.97833     34.8085
   231.450     233.335      0.9093     2.97833     34.8094
   231.912     233.801      0.9091     2.97833     34.8094
   232.352     234.244      0.9101     2.97837     34.8085
   232.764     234.660      0.9105     2.97844     34.8087
   233.155     235.054      0.9109     2.97847     34.8085
   233.524     235.427      0.9106     2.97847     34.8087
   233.869     235.775      0.9094     2.97847     34.8098
   234.188     236.096      0.9092     2.97851     34.8103
   234.481     236.392      0.9103     2.97859     34.8099
   234.756     236.669      0.9110     2.97863     34.8095
   235.014     236.930      0.9106     2.97863     34.8098
   235.258     237.176      0.9103     2.97863     34.8099
   235.485     237.405      0.9110     2.97863     34.8090
   235.701     237.623      0.9110     2.97862     34.8088
   235.910     237.833      0.9105     2.97862     34.8092
   236.109     238.034      0.9094     2.97862     34.8103
   236.295     238.222      0.9091     2.97866     34.8111
   236.472     238.400      0.9098     2.97873     34.8111
   236.639     238.569      0.9094     2.97873     34.8115
   236.796     238.727      0.9096     2.97870     34.8107
   236.948     238.880      0.9110     2.97874     34.8096
   237.097     239.031      0.9110     2.97877     34.8099
   237.242     239.177      0.9100     2.97877     34.8110
   237.383     239.319      0.9091     2.97877     34.8118
   237.520     239.457      0.9103     2.97877     34.8104
   237.651     239.590      0.9105     2.97877     34.8101
   237.781     239.721      0.9098     2.97877     34.8108
   237.912     239.853      0.9103     2.97877     34.8102
   238.042     239.984      0.9115     2.97877     34.8088
   238.174     240.117      0.9117     2.97877     34.8085
   238.307     240.251      0.9110     2.97877     34.8091
   238.439     240.384      0.9100     2.97876     34.8101
   238.566     240.513      0.9091     2.97876     34.8110
   238.694     240.642      0.9103     2.97876     34.8097
   238.821     240.770      0.9110     2.97877     34.8089
   238.947     240.897      0.9100     2.97880     34.8103
   239.071     241.022      0.9091     2.97883     34.8117
   239.192     241.144      0.9093     2.97880     34.8109
   239.311     241.264      0.9096     2.97876     34.8101
   239.426     241.380      0.9110     2.97876     34.8084
   239.538     241.493      0.9105     2.97877     34.8089
   239.650     241.606      0.9103     2.97880     34.8096
   239.763     241.720      0.9105     2.97884     34.8098
   239.878     241.836      0.9103     2.97884     34.8100
   239.996     241.955      0.9105     2.97888     34.8102
   240.116     242.076      0.9103     2.97892     34.8108
   240.236     242.197      0.9105     2.97892     34.8105
   240.355     242.317      0.9108     2.97888     34.8096
   240.470     242.433      0.9122     2.97881     34.8070
   240.580     242.544      0.9117     2.97877     34.8070
   240.690     242.655      0.9110     2.97880     34.8082
   240.799     242.765      0.9105     2.97888     34.8096
   240.906     242.873      0.9108     2.97892     34.8098
   241.010     242.978      0.9122     2.97893     34.8083
   241.111     243.080      0.9108     2.97892     34.8097
   241.211     243.181      0.9096     2.97892     34.8110
   241.310     243.281      0.9110     2.97892     34.8094
   241.407     243.378      0.9105     2.97892     34.8099
   241.498     243.470      0.9098     2.97892     34.8106
   241.584     243.557      0.9108     2.97892     34.8094
   241.662     243.636      0.9117     2.97893     34.8084
   241.732     243.706      0.9110     2.97892     34.8091
   241.788     243.763      0.9100     2.97892     34.8102
   241.835     243.810      0.9091     2.97892     34.8111
   241.875     243.850      0.9098     2.97892     34.8103
   241.906     243.882      0.9093     2.97892     34.8109
   241.931     243.907      0.9091     2.97892     34.8111
   241.951     243.927      0.9098     2.97892     34.8102
   241.966     243.942      0.9103     2.97888     34.8092
   241.978     243.954      0.9105     2.97885     34.8085
   241.987     243.963      0.9098     2.97888     34.8097
   241.994     243.970      0.9093     2.97892     34.8108
   241.999     243.976      0.9091     2.97892     34.8110
   242.003     243.980      0.9093     2.97892     34.8108
   242.048     244.025      0.9102     2.97893     34.8099
   242.056     244.033      0.9109     2.97889     34.8087
   242.067     244.044      0.9104     2.97889     34.8092
   242.081     244.058      0.9097     2.97889     34.8099
   242.099     244.076      0.9102     2.97893     34.8099
   242.119     244.097      0.9104     2.97896     34.8101
   242.140     244.118      0.9102     2.97893     34.8098
   242.161     244.139      0.9104     2.97890     34.8092
   242.182     244.160      0.9102     2.97893     34.8098
   242.203     244.181      0.9109     2.97897     34.8095
   242.221     244.199      0.9113     2.97893     34.8086
   242.234     244.213      0.9120     2.97890     34.8074
   242.244     244.223      0.9115     2.97889     34.8078
   242.253     244.232      0.9108     2.97889     34.8086
   242.259     244.238      0.9113     2.97889     34.8080
   242.294     244.273      0.9098     2.97892     34.8101
   242.299     244.278      0.9094     2.97889     34.8101
   242.305     244.284      0.9103     2.97893     34.8096
   242.312     244.291      0.9091     2.97895     34.8113
   242.321     244.300      0.9098     2.97888     34.8096
   242.333     244.312      0.9110     2.97881     34.8073
   242.346     244.326      0.9096     2.97884     34.8093
   242.365     244.345      0.9091     2.97888     34.8103
   242.389     244.369      0.9094     2.97889     34.8100
   242.420     244.400      0.9108     2.97893     34.8090
   242.459     244.440      0.9108     2.97897     34.8094
   242.507     244.488      0.9103     2.97897     34.8100
   242.564     244.545      0.9106     2.97896     34.8096
   242.627     244.609      0.9110     2.97893     34.8086
   242.696     244.679      0.9101     2.97889     34.8091
   242.766     244.749      0.9108     2.97893     34.8088
   242.834     244.818      0.9108     2.97900     34.8097
   242.905     244.889      0.9108     2.97904     34.8102
   242.978     244.963      0.9108     2.97905     34.8102
   243.054     245.040      0.9108     2.97904     34.8101
   243.132     245.118      0.9103     2.97900     34.8101
   243.209     245.196      0.9101     2.97897     34.8098
   243.289     245.277      0.9103     2.97901     34.8100
   243.372     245.361      0.9101     2.97904     34.8107
   243.460     245.449      0.9108     2.97905     34.8099
   243.552     245.542      0.9118     2.97905     34.8088
   243.651     245.642      0.9127     2.97905     34.8077
   243.759     245.751      0.9115     2.97905     34.8090
   243.878     245.871      0.9098     2.97905     34.8108
   244.005     245.999      0.9094     2.97907     34.8114
   244.142     246.137      0.9108     2.97934     34.8134
   244.294     246.291      0.9156     2.98047     34.8225
   244.467     246.465      0.9295     2.98215     34.8285
   244.667     246.667      0.9438     2.98355     34.8305
   244.899     246.901      0.9550     2.98474     34.8332
   245.160     247.164      0.9635     2.98550     34.8334
   245.446     247.453      0.9695     2.98630     34.8368
   245.758     247.767      0.9796     2.98758     34.8419
   246.091     248.103      0.9879     2.98847     34.8438
   246.444     248.459      0.9975     2.98939     34.8447
   246.814     248.833      1.0103     2.99074     34.8476
   247.202     249.224      1.0194     2.99186     34.8517
   247.599     249.625      1.0299     2.99280     34.8518
   248.000     250.029      1.0354     2.99330     34.8519
   248.402     250.435      1.0361     2.99341     34.8523
   248.804     250.840      1.0433     2.99423     34.8546
   249.202     251.242      1.0568     2.99571     34.8583
   249.592     251.635      1.0621     2.99649     34.8623
   249.971     252.017      1.0640     2.99660     34.8612
   250.340     252.390      1.0652     2.99667     34.8606
   250.710     252.763      1.0654     2.99669     34.8605
   251.083     253.139      1.0647     2.99668     34.8609
   251.463     253.522      1.0642     2.99668     34.8612
   251.852     253.915      1.0640     2.99671     34.8615
   252.260     254.326      1.0647     2.99678     34.8614
   252.687     254.757      1.0652     2.99685     34.8616
   253.135     255.209      1.0659     2.99694     34.8617
   253.602     255.680      1.0673     2.99718     34.8629
   254.080     256.162      1.0709     2.99756     34.8635
   254.566     256.653      1.0736     2.99776     34.8628
   255.066     257.157      1.0733     2.99777     34.8630
   255.576     257.672      1.0724     2.99777     34.8636
   256.093     258.193      1.0731     2.99781     34.8630
   256.611     258.716      1.0731     2.99787     34.8636
   257.134     259.243      1.0731     2.99790     34.8637
   257.662     259.776      1.0726     2.99789     34.8638
   258.193     260.312      1.0714     2.99780     34.8636
   258.727     260.850      1.0688     2.99760     34.8635
   259.261     261.389      1.0659     2.99743     34.8643
   259.795     261.928      1.0664     2.99738     34.8628
   260.329     262.466      1.0666     2.99741     34.8627
   260.861     263.003      1.0669     2.99748     34.8629
   261.396     263.543      1.0674     2.99748     34.8620
   261.933     264.085      1.0650     2.99735     34.8627
   262.469     264.625      1.0626     2.99714     34.8623
   263.004     265.165      1.0602     2.99689     34.8615
   263.539     265.705      1.0583     2.99668     34.8606
   264.076     266.247      1.0562     2.99650     34.8603
   264.617     266.792      1.0531     2.99633     34.8613
   265.156     267.336      1.0507     2.99620     34.8619
   265.696     267.881      1.0493     2.99611     34.8620
   266.238     268.428      1.0483     2.99602     34.8617
   266.782     268.976      1.0464     2.99593     34.8624
   267.326     269.525      1.0457     2.99581     34.8613
   267.871     270.075      1.0457     2.99569     34.8594
   268.415     270.624      1.0443     2.99560     34.8594
   268.959     271.173      1.0417     2.99547     34.8604
   269.504     271.723      1.0396     2.99531     34.8603
   270.052     272.275      1.0369     2.99517     34.8613
   270.600     272.828      1.0352     2.99504     34.8612
   271.146     273.379      1.0333     2.99489     34.8609
   271.692     273.930      1.0326     2.99480     34.8603
   272.238     274.481      1.0317     2.99475     34.8604
   272.787     275.035      1.0298     2.99467     34.8611
   273.336     275.589      1.0291     2.99463     34.8611
   273.887     276.144      1.0296     2.99463     34.8601
   274.438     276.700      1.0293     2.99459     34.8596
   274.990     277.257      1.0279     2.99451     34.8598
   275.541     277.813      1.0269     2.99442     34.8595
   276.094     278.371      1.0250     2.99430     34.8597
   276.648     278.930      1.0238     2.99418     34.8592
   277.199     279.486      1.0231     2.99414     34.8591
   277.748     280.040      1.0231     2.99418     34.8593
   278.295     280.592      1.0231     2.99422     34.8594
   278.842     281.144      1.0236     2.99423     34.8587
   279.390     281.696      1.0238     2.99426     34.8586
   279.937     282.248      1.0236     2.99430     34.8590
   280.482     282.798      1.0239     2.99431     34.8585
   281.028     283.349      1.0232     2.99435     34.8595
   281.571     283.897      1.0237     2.99439     34.8591
   282.112     284.443      1.0244     2.99440     34.8581
   282.652     284.987      1.0234     2.99443     34.8593
   283.190     285.530      1.0220     2.99442     34.8604
   283.727     286.072      1.0206     2.99425     34.8595
   284.263     286.613      1.0179     2.99397     34.8585
   284.799     287.154      1.0153     2.99364     34.8569
   285.337     287.696      1.0110     2.99331     34.8571
   285.875     288.239      1.0075     2.99301     34.8568
   286.414     288.783      1.0034     2.99275     34.8577
   286.954     289.328      0.9991     2.99241     34.8579
   287.498     289.877      0.9946     2.99204     34.8578
   288.045     290.429      0.9900     2.99174     34.8588
   288.595     290.984      0.9867     2.99145     34.8583
   289.144     291.538      0.9829     2.99112     34.8580
   289.692     292.090      0.9810     2.99079     34.8556
   290.240     292.643      0.9798     2.99055     34.8534
   290.789     293.197      0.9762     2.99032     34.8543
   291.337     293.750      0.9709     2.99004     34.8561
   291.883     294.301      0.9681     2.98975     34.8552
   292.424     294.847      0.9641     2.98945     34.8556
   292.964     295.392      0.9593     2.98912     34.8564
   293.506     295.939      0.9555     2.98887     34.8570
   294.048     296.485      0.9527     2.98865     34.8570
   294.589     297.031      0.9495     2.98833     34.8561
   295.128     297.575      0.9476     2.98801     34.8538
   295.668     298.120      0.9450     2.98780     34.8537
   296.209     298.666      0.9413     2.98767     34.8558
   296.751     299.213      0.9393     2.98757     34.8564
   297.295     299.762      0.9374     2.98741     34.8561
   297.840     300.312      0.9352     2.98719     34.8555
   298.386     300.862      0.9328     2.98695     34.8547
   298.932     301.413      0.9300     2.98669     34.8541
   299.477     301.963      0.9264     2.98643     34.8546
   300.021     302.512      0.9223     2.98614     34.8551
   300.565     303.061      0.9190     2.98581     34.8542
   301.108     303.609      0.9159     2.98545     34.8526
   301.653     304.159      0.9109     2.98508     34.8531
   302.198     304.709      0.9073     2.98478     34.8530
   302.740     305.256      0.9033     2.98448     34.8533
   303.279     305.800      0.8990     2.98416     34.8535
   303.821     306.346      0.8949     2.98383     34.8535
   304.365     306.895      0.8901     2.98350     34.8543
   304.910     307.445      0.8863     2.98321     34.8545
   305.452     307.992      0.8830     2.98295     34.8546
   305.994     308.539      0.8796     2.98267     34.8544
   306.536     309.086      0.8775     2.98239     34.8528
   307.079     309.634      0.8748     2.98214     34.8523
   307.623     310.183      0.8732     2.98195     34.8512
   308.168     310.733      0.8704     2.98182     34.8524
   308.711     311.281      0.8677     2.98169     34.8534
   309.251     311.826      0.8665     2.98153     34.8524
   309.795     312.374      0.8648     2.98137     34.8519
   310.341     312.925      0.8624     2.98121     34.8522
   310.889     313.478      0.8605     2.98104     34.8518
   311.435     314.029      0.8584     2.98084     34.8512
   311.982     314.581      0.8549     2.98060     34.8517
   312.531     315.135      0.8513     2.98034     34.8521
   313.080     315.689      0.8477     2.98006     34.8521
   313.627     316.241      0.8445     2.97978     34.8517
   314.171     316.790      0.8421     2.97957     34.8514
   314.712     317.336      0.8397     2.97940     34.8515
   315.252     317.881      0.8369     2.97919     34.8516
   315.790     318.424      0.8334     2.97886     34.8511
   316.328     318.967      0.8302     2.97851     34.8497
   316.865     319.509      0.8278     2.97826     34.8489
   317.404     320.052      0.8259     2.97813     34.8491
   317.943     320.596      0.8238     2.97805     34.8500
   318.483     321.141      0.8211     2.97797     34.8516
   319.023     321.686      0.8204     2.97789     34.8511
   319.561     322.229      0.8199     2.97782     34.8504
   320.100     322.773      0.8192     2.97778     34.8504
   320.643     323.321      0.8188     2.97778     34.8505
   321.189     323.872      0.8186     2.97774     34.8499
   321.734     324.422      0.8188     2.97768     34.8486
   322.277     324.970      0.8176     2.97769     34.8497
   322.821     325.519      0.8188     2.97787     34.8504
   323.367     326.070      0.8241     2.97829     34.8495
   323.911     326.619      0.8286     2.97881     34.8509
   324.455     327.168      0.8300     2.97917     34.8537
   325.001     327.719      0.8324     2.97960     34.8563
   325.549     328.272      0.8365     2.98022     34.8594
   326.095     328.823      0.8372     2.98052     34.8622
   326.638     329.371      0.8372     2.98061     34.8630
   327.181     329.918      0.8377     2.98088     34.8655
   327.721     330.463      0.8389     2.98112     34.8670
   328.260     331.007      0.8401     2.98123     34.8668
   328.799     331.551      0.8427     2.98149     34.8669
   329.339     332.096      0.8461     2.98188     34.8678
   329.880     332.642      0.8473     2.98213     34.8694
   330.421     333.188      0.8490     2.98225     34.8687
   330.960     333.732      0.8504     2.98254     34.8706
   331.499     334.276      0.8518     2.98300     34.8747
   332.043     334.825      0.8545     2.98338     34.8762
   332.588     335.375      0.8562     2.98359     34.8767
   333.133     335.925      0.8576     2.98367     34.8759
   333.676     336.473      0.8562     2.98360     34.8761
   334.217     337.019      0.8540     2.98349     34.8769
   334.758     337.565      0.8545     2.98353     34.8765
   335.300     338.112      0.8566     2.98372     34.8763
   335.841     338.658      0.8583     2.98387     34.8761
   336.385     339.207      0.8571     2.98387     34.8771
   336.928     339.755      0.8554     2.98375     34.8771
   337.471     340.303      0.8536     2.98355     34.8762
   338.013     340.850      0.8524     2.98339     34.8751
   338.554     341.396      0.8498     2.98329     34.8765
   339.092     341.939      0.8464     2.98320     34.8788
   339.627     342.479      0.8457     2.98315     34.8786
   340.161     343.017      0.8447     2.98306     34.8783
   340.692     343.553      0.8428     2.98287     34.8775
   341.221     344.087      0.8411     2.98270     34.8770
   341.750     344.621      0.8397     2.98261     34.8770
   342.280     345.156      0.8387     2.98248     34.8761
   342.811     345.692      0.8369     2.98228     34.8753
   343.340     346.226      0.8348     2.98207     34.8746
   343.866     346.757      0.8312     2.98189     34.8761
   344.391     347.286      0.8285     2.98169     34.8762
   344.914     347.814      0.8278     2.98154     34.8747
   345.441     348.346      0.8273     2.98153     34.8748
   345.972     348.882      0.8261     2.98155     34.8761
   346.505     349.420      0.8249     2.98148     34.8762
   347.038     349.958      0.8237     2.98136     34.8757
   347.567     350.492      0.8225     2.98127     34.8756
   348.095     351.025      0.8218     2.98115     34.8745
   348.625     351.559      0.8204     2.98103     34.8742
   349.153     352.092      0.8173     2.98093     34.8761
   349.677     352.621      0.8149     2.98077     34.8763
   350.199     353.148      0.8121     2.98057     34.8765
   350.721     353.675      0.8089     2.98039     34.8775
   351.242     354.201      0.8065     2.98014     34.8767
   351.764     354.727      0.8046     2.97987     34.8749
   352.288     355.256      0.8025     2.97966     34.8742
   352.814     355.787      0.7994     2.97948     34.8751
   353.341     356.319      0.7975     2.97932     34.8748
   353.869     356.852      0.7958     2.97915     34.8743
   354.398     357.386      0.7939     2.97904     34.8746
   354.928     357.921      0.7932     2.97899     34.8745
   355.460     358.458      0.7922     2.97894     34.8747
   355.992     358.995      0.7908     2.97886     34.8749
   356.526     359.534      0.7898     2.97874     34.8741
   357.062     360.074      0.7879     2.97858     34.8738
   357.597     360.614      0.7853     2.97836     34.8736
   358.129     361.151      0.7805     2.97804     34.8744
   358.661     361.688      0.7767     2.97771     34.8742
   359.193     362.225      0.7748     2.97750     34.8733
   359.722     362.759      0.7727     2.97734     34.8732
   360.246     363.288      0.7695     2.97722     34.8749
   360.770     363.817      0.7683     2.97721     34.8758
   361.295     364.347      0.7687     2.97723     34.8753
   361.821     364.878      0.7691     2.97711     34.8731
   362.348     365.410      0.7674     2.97691     34.8720
   362.876     365.942      0.7635     2.97674     34.8738
   363.403     366.474      0.7616     2.97659     34.8737
   363.931     367.007      0.7604     2.97639     34.8722
   364.459     367.540      0.7583     2.97619     34.8716
   364.986     368.072      0.7551     2.97602     34.8727
   365.513     368.604      0.7523     2.97584     34.8732
   366.040     369.136      0.7487     2.97559     34.8737
   366.565     369.666      0.7451     2.97527     34.8732
   367.089     370.195      0.7424     2.97498     34.8722
   367.612     370.723      0.7403     2.97474     34.8712
   368.133     371.248      0.7376     2.97462     34.8722
   368.650     371.770      0.7373     2.97460     34.8721
   369.166     372.291      0.7366     2.97452     34.8715
   369.684     372.814      0.7330     2.97432     34.8726
   370.205     373.340      0.7298     2.97412     34.8733
   370.726     373.866      0.7284     2.97395     34.8724
   371.246     374.390      0.7274     2.97379     34.8711
   371.764     374.913      0.7250     2.97366     34.8719
   372.282     375.436      0.7226     2.97354     34.8726
   372.800     375.959      0.7202     2.97342     34.8734
   373.316     376.480      0.7178     2.97329     34.8741
   373.830     376.999      0.7159     2.97309     34.8733
   374.342     377.515      0.7147     2.97289     34.8718
   374.850     378.028      0.7135     2.97273     34.8708
   375.359     378.542      0.7118     2.97261     34.8708
   375.870     379.058      0.7099     2.97255     34.8720
   376.381     379.573      0.7087     2.97247     34.8719
   376.890     380.087      0.7066     2.97232     34.8720
   377.398     380.600      0.7039     2.97219     34.8730
   377.907     381.114      0.7027     2.97207     34.8725
   378.413     381.624      0.7009     2.97194     34.8726
   378.912     382.128      0.6985     2.97181     34.8733
   379.409     382.630      0.6971     2.97161     34.8720
   379.906     383.132      0.6957     2.97141     34.8707
   380.402     383.632      0.6925     2.97125     34.8718
   380.895     384.130      0.6911     2.97113     34.8715
   381.385     384.624      0.6901     2.97108     34.8717
   381.873     385.117      0.6887     2.97099     34.8719
   382.360     385.609      0.6873     2.97084     34.8712
   382.848     386.101      0.6846     2.97071     34.8723
   383.332     386.590      0.6834     2.97059     34.8718
   383.812     387.074      0.6817     2.97047     34.8718
   384.287     387.554      0.6803     2.97038     34.8720
   384.759     388.030      0.6793     2.97026     34.8712
   385.222     388.497      0.6774     2.97010     34.8711
   385.674     388.954      0.6756     2.96998     34.8711
   386.114     389.398      0.6737     2.96985     34.8714
   386.540     389.828      0.6716     2.96969     34.8714
   386.948     390.240      0.6689     2.96956     34.8725
   387.341     390.636      0.6682     2.96944     34.8715
   387.721     391.020      0.6682     2.96933     34.8698
   388.089     391.391      0.6672     2.96928     34.8701
   388.448     391.754      0.6648     2.96924     34.8720
   388.803     392.112      0.6639     2.96916     34.8719
   389.148     392.460      0.6636     2.96912     34.8715
   389.485     392.801      0.6612     2.96907     34.8733
   389.817     393.136      0.6593     2.96895     34.8737
   390.144     393.466      0.6581     2.96880     34.8728
   390.467     393.792      0.6573     2.96868     34.8720
   390.788     394.116      0.6578     2.96868     34.8713
   391.104     394.435      0.6585     2.96875     34.8712
   391.412     394.746      0.6585     2.96876     34.8711
   391.710     395.047      0.6585     2.96869     34.8700
   391.998     395.337      0.6580     2.96865     34.8699
   392.273     395.615      0.6568     2.96864     34.8710
   392.536     395.880      0.6566     2.96861     34.8706
   392.785     396.132      0.6568     2.96853     34.8693
   393.015     396.364      0.6556     2.96849     34.8699
   393.224     396.575      0.6539     2.96848     34.8716
   393.411     396.764      0.6525     2.96844     34.8725
   393.578     396.932      0.6519     2.96837     34.8722
   393.722     397.078      0.6517     2.96833     34.8718
   393.846     397.203      0.6534     2.96838     34.8704
   393.948     397.306      0.6543     2.96846     34.8704
   394.030     397.388      0.6536     2.96850     34.8716
   394.093     397.452      0.6536     2.96850     34.8717
   394.143     397.502      0.6541     2.96851     34.8711
   394.181     397.541      0.6543     2.96850     34.8709
   394.211     397.571      0.6531     2.96847     34.8717
   394.234     397.594      0.6529     2.96843     34.8714
   394.251     397.612      0.6526     2.96842     34.8717
   394.265     397.626      0.6511     2.96838     34.8728
   394.276     397.637      0.6516     2.96835     34.8718
   394.285     397.646      0.6523     2.96835     34.8710
   394.292     397.653      0.6518     2.96835     34.8716
   394.297     397.658      0.6511     2.96834     34.8723
   394.301     397.662      0.6511     2.96835     34.8723
   394.304     397.665      0.6511     2.96835     34.8724
   394.307     397.668      0.6516     2.96835     34.8718
   394.308     397.669      0.6523     2.96836     34.8711
   394.345     397.706      0.6501     2.96810     34.8702
   394.346     397.707      0.6503     2.96803     34.8691
   394.347     397.708      0.6496     2.96803     34.8699
   394.350     397.711      0.6496     2.96806     34.8702
   394.356     397.717      0.6496     2.96802     34.8698
   394.360     397.722      0.6496     2.96799     34.8693
   394.365     397.727      0.6496     2.96798     34.8692
   394.371     397.733      0.6491     2.96798     34.8698
   394.380     397.742      0.6484     2.96798     34.8706
   394.394     397.756      0.6484     2.96802     34.8710
   394.410     397.772      0.6494     2.96805     34.8704
   394.428     397.790      0.6503     2.96802     34.8689
   394.451     397.813      0.6491     2.96798     34.8698
   394.480     397.843      0.6489     2.96798     34.8699
   394.515     397.878      0.6492     2.96798     34.8696
   394.553     397.916      0.6490     2.96798     34.8697
   394.597     397.961      0.6497     2.96798     34.8689
   394.650     398.014      0.6492     2.96798     34.8694
   394.708     398.073      0.6490     2.96798     34.8696
   394.776     398.141      0.6487     2.96797     34.8699
   394.853     398.219      0.6483     2.96797     34.8703
   394.941     398.308      0.6492     2.96798     34.8693
   395.041     398.409      0.6485     2.96797     34.8700
   395.154     398.523      0.6485     2.96797     34.8699
   395.279     398.649      0.6485     2.96796     34.8696
   395.413     398.784      0.6485     2.96792     34.8690
   395.558     398.931      0.6480     2.96786     34.8687
   395.713     399.087      0.6468     2.96778     34.8689
   395.872     399.248      0.6456     2.96768     34.8690
   396.034     399.411      0.6444     2.96764     34.8696
   396.200     399.579      0.6437     2.96763     34.8703
   396.375     399.756      0.6432     2.96763     34.8707
   396.555     399.937      0.6425     2.96763     34.8713
   396.735     400.119      0.6425     2.96759     34.8707
   396.917     400.303      0.6425     2.96751     34.8696
   397.105     400.492      0.6415     2.96747     34.8700
   397.299     400.688      0.6406     2.96742     34.8703
   397.497     400.888      0.6408     2.96734     34.8690
   397.697     401.090      0.6395     2.96730     34.8698
   397.901     401.296      0.6393     2.96730     34.8698
   398.111     401.508      0.6395     2.96730     34.8695
   398.327     401.726      0.6383     2.96725     34.8701
   398.547     401.948      0.6371     2.96717     34.8703
   398.772     402.175      0.6359     2.96709     34.8704
   399.005     402.410      0.6352     2.96700     34.8700
   399.245     402.653      0.6352     2.96692     34.8688
   399.497     402.907      0.6347     2.96685     34.8682
   399.756     403.169      0.6330     2.96680     34.8693
   400.024     403.439      0.6316     2.96675     34.8700
   400.301     403.719      0.6316     2.96663     34.8684
   400.585     404.005      0.6306     2.96652     34.8678
   400.873     404.296      0.6282     2.96646     34.8696
   401.164     404.590      0.6273     2.96641     34.8698
   401.460     404.889      0.6270     2.96630     34.8685
   401.764     405.196      0.6256     2.96618     34.8684
   402.075     405.510      0.6251     2.96614     34.8682
   402.390     405.828      0.6244     2.96613     34.8687
   402.705     406.146      0.6233     2.96609     34.8691
   403.023     406.467      0.6224     2.96601     34.8690
   403.343     406.790      0.6221     2.96597     34.8686
   403.666     407.116      0.6202     2.96591     34.8698
   403.991     407.444      0.6195     2.96580     34.8689
   404.317     407.773      0.6185     2.96568     34.8682
   404.645     408.104      0.6166     2.96555     34.8685
   404.972     408.434      0.6154     2.96539     34.8676
   405.301     408.766      0.6137     2.96526     34.8677
   405.629     409.097      0.6113     2.96517     34.8690
   405.955     409.426      0.6099     2.96509     34.8693
   406.275     409.749      0.6094     2.96501     34.8686
   406.587     410.064      0.6082     2.96493     34.8688
   406.892     410.372      0.6070     2.96488     34.8693
   407.189     410.672      0.6058     2.96483     34.8698
   407.480     410.966      0.6046     2.96472     34.8695
   407.770     411.259      0.6044     2.96460     34.8681
   408.067     411.558      0.6041     2.96452     34.8672
   408.371     411.865      0.6021     2.96447     34.8686
   408.686     412.183      0.6004     2.96443     34.8697
   409.010     412.510      0.5995     2.96435     34.8695
   409.340     412.844      0.5997     2.96427     34.8681
   409.680     413.187      0.5990     2.96419     34.8676
   410.027     413.537      0.5985     2.96411     34.8670
   410.376     413.889      0.5978     2.96407     34.8670
   410.725     414.242      0.5973     2.96411     34.8679
   411.074     414.594      0.5966     2.96414     34.8689
   411.425     414.948      0.5971     2.96415     34.8683
   411.781     415.308      0.5968     2.96415     34.8684
   412.145     415.675      0.5954     2.96415     34.8697
   412.517     416.051      0.5954     2.96411     34.8689
   412.900     416.437      0.5949     2.96403     34.8682
   413.290     416.831      0.5937     2.96395     34.8683
   413.689     417.234      0.5935     2.96387     34.8673
   414.096     417.645      0.5932     2.96388     34.8674
   414.509     418.062      0.5922     2.96394     34.8692
   414.926     418.483      0.5929     2.96399     34.8687
   415.345     418.906      0.5924     2.96396     34.8687
   415.766     419.331      0.5922     2.96401     34.8694
   416.188     419.757      0.5939     2.96425     34.8702
   416.612     420.185      0.5948     2.96445     34.8716
   417.038     420.615      0.5955     2.96454     34.8717
   417.466     421.047      0.5972     2.96458     34.8701
   417.895     421.480      0.5965     2.96455     34.8703
   418.326     421.915      0.5960     2.96455     34.8706
   418.758     422.351      0.5958     2.96463     34.8715
   419.188     422.786      0.5960     2.96467     34.8716
   419.617     423.219      0.5958     2.96472     34.8722
   420.046     423.652      0.5970     2.96484     34.8722
   420.476     424.086      0.5982     2.96495     34.8721
   420.908     424.522      0.5979     2.96496     34.8722
   421.342     424.960      0.5970     2.96489     34.8721
   421.776     425.398      0.5977     2.96494     34.8717
   422.211     425.837      0.5981     2.96513     34.8734
   422.646     426.277      0.5993     2.96529     34.8739
   423.085     426.720      0.5995     2.96534     34.8740
   423.523     427.162      0.5993     2.96535     34.8741
   423.961     427.604      0.6005     2.96539     34.8731
   424.402     428.049      0.6017     2.96551     34.8730
   424.846     428.498      0.6029     2.96559     34.8725
   425.290     428.946      0.6022     2.96562     34.8733
   425.734     429.394      0.6019     2.96581     34.8760
   426.178     429.842      0.6053     2.96616     34.8763
   426.625     430.294      0.6055     2.96628     34.8775
   427.073     430.746      0.6048     2.96621     34.8771
   427.520     431.197      0.6043     2.96613     34.8763
   427.962     431.644      0.6026     2.96604     34.8769
   428.405     432.091      0.6007     2.96596     34.8776
   428.849     432.539      0.6000     2.96588     34.8771
   429.292     432.986      0.6005     2.96583     34.8757
   429.731     433.430      0.5998     2.96578     34.8755
   430.170     433.873      0.5966     2.96561     34.8766
   430.608     434.315      0.5937     2.96533     34.8759
   431.044     434.755      0.5915     2.96508     34.8750
   431.483     435.198      0.5905     2.96495     34.8741
   431.922     435.642      0.5881     2.96486     34.8754
   432.362     436.086      0.5867     2.96482     34.8762
   432.802     436.530      0.5867     2.96482     34.8758
   433.240     436.972      0.5862     2.96477     34.8756
   433.677     437.414      0.5855     2.96470     34.8752
   434.114     437.855      0.5841     2.96467     34.8761
   434.548     438.293      0.5833     2.96475     34.8778
   434.981     438.730      0.5865     2.96499     34.8771
   435.411     439.164      0.5879     2.96523     34.8784
   435.834     439.591      0.5884     2.96536     34.8793
   436.251     440.012      0.5891     2.96545     34.8794
   436.663     440.428      0.5893     2.96549     34.8794
   437.069     440.838      0.5897     2.96547     34.8784
   437.464     441.237      0.5901     2.96539     34.8767
   437.845     441.622      0.5893     2.96528     34.8760
   438.211     441.991      0.5874     2.96520     34.8768
   438.562     442.346      0.5867     2.96516     34.8770
   438.900     442.687      0.5872     2.96516     34.8762
   439.221     443.011      0.5869     2.96512     34.8758
   439.528     443.321      0.5860     2.96508     34.8761
   439.820     443.616      0.5853     2.96508     34.8766
   440.096     443.894      0.5831     2.96503     34.8783
   440.355     444.156      0.5821     2.96491     34.8777
   440.602     444.405      0.5802     2.96475     34.8777
   440.840     444.646      0.5795     2.96467     34.8773
   441.071     444.879      0.5796     2.96467     34.8770
   441.295     445.105      0.5796     2.96471     34.8774
   441.512     445.324      0.5796     2.96479     34.8783
   441.723     445.537      0.5801     2.96483     34.8781
   441.926     445.742      0.5803     2.96483     34.8778
   442.119     445.937      0.5801     2.96483     34.8780
   442.304     446.124      0.5808     2.96484     34.8772
   442.485     446.307      0.5813     2.96493     34.8776
   442.664     446.487      0.5815     2.96508     34.8793
   442.837     446.662      0.5813     2.96516     34.8805
   443.005     446.832      0.5830     2.96518     34.8786
   443.169     446.997      0.5834     2.96518     34.8781
   443.329     447.159      0.5825     2.96517     34.8790
   443.487     447.318      0.5828     2.96518     34.8786
   443.640     447.473      0.5816     2.96517     34.8797
   443.791     447.625      0.5809     2.96513     34.8799
   443.938     447.774      0.5814     2.96505     34.8783
   444.082     447.919      0.5816     2.96502     34.8775
   444.218     448.056      0.5809     2.96501     34.8781
   444.344     448.184      0.5799     2.96496     34.8785
   444.460     448.301      0.5785     2.96484     34.8785
   444.566     448.408      0.5780     2.96473     34.8775
   444.659     448.502      0.5773     2.96468     34.8777
   444.737     448.580      0.5783     2.96472     34.8770
   444.798     448.642      0.5792     2.96480     34.8770
   444.845     448.689      0.5785     2.96484     34.8782
   444.879     448.724      0.5785     2.96484     34.8783
   444.904     448.749      0.5790     2.96484     34.8777
   444.923     448.768      0.5793     2.96481     34.8769
   444.940     448.785      0.5786     2.96477     34.8771
   444.953     448.798      0.5781     2.96476     34.8776
   444.960     448.805      0.5779     2.96472     34.8773
   445.034     448.880      0.5776     2.96455     34.8754
   445.037     448.883      0.5768     2.96459     34.8768
   445.041     448.887      0.5758     2.96463     34.8785
   445.045     448.891      0.5751     2.96464     34.8793
   445.050     448.896      0.5756     2.96462     34.8785
   445.056     448.902      0.5758     2.96465     34.8787
   445.064     448.910      0.5756     2.96469     34.8794
   445.072     448.919      0.5768     2.96470     34.8781
   445.085     448.932      0.5770     2.96469     34.8779
   445.101     448.948      0.5773     2.96466     34.8771
   445.122     448.969      0.5782     2.96462     34.8756
   445.148     448.995      0.5765     2.96461     34.8773
   445.181     449.029      0.5751     2.96457     34.8783
   445.222     449.070      0.5746     2.96453     34.8784
   445.269     449.117      0.5739     2.96452     34.8790
   445.322     449.171      0.5734     2.96448     34.8790
   445.383     449.233      0.5727     2.96440     34.8787
   445.453     449.303      0.5732     2.96436     34.8776
   445.529     449.380      0.5734     2.96436     34.8773
   445.612     449.464      0.5727     2.96432     34.8775
   445.699     449.552      0.5717     2.96424     34.8775
   445.788     449.641      0.5713     2.96420     34.8774
   445.883     449.737      0.5722     2.96420     34.8763
   445.985     449.840      0.5710     2.96419     34.8776
   446.093     449.949      0.5708     2.96419     34.8777
   446.207     450.065      0.5710     2.96419     34.8774
   446.328     450.187      0.5703     2.96415     34.8776
   446.459     450.319      0.5698     2.96407     34.8771
   446.602     450.463      0.5696     2.96403     34.8767
   446.758     450.621      0.5693     2.96402     34.8768
   446.924     450.789      0.5679     2.96398     34.8777
   447.102     450.968      0.5674     2.96390     34.8772
   447.293     451.161      0.5667     2.96386     34.8773
   447.499     451.369      0.5662     2.96386     34.8777
   447.720     451.592      0.5655     2.96386     34.8783
   447.957     451.832      0.5655     2.96386     34.8782
   448.213     452.090      0.5655     2.96386     34.8781
   448.485     452.365      0.5650     2.96386     34.8785
   448.772     452.654      0.5648     2.96386     34.8785
   449.070     452.955      0.5655     2.96386     34.8776
   449.381     453.269      0.5650     2.96386     34.8779
   449.704     453.595      0.5638     2.96386     34.8790
   450.036     453.931      0.5636     2.96382     34.8786
   450.375     454.273      0.5638     2.96378     34.8777
   450.718     454.619      0.5626     2.96377     34.8787
   451.064     454.969      0.5619     2.96373     34.8788
   451.418     455.326      0.5614     2.96369     34.8786
   451.777     455.689      0.5607     2.96369     34.8791
   452.145     456.060      0.5607     2.96369     34.8789
   452.516     456.435      0.5607     2.96365     34.8782
   452.891     456.813      0.5597     2.96361     34.8786
   453.267     457.193      0.5578     2.96360     34.8803
   453.642     457.572      0.5571     2.96352     34.8798
   454.020     457.953      0.5576     2.96341     34.8776
   454.398     458.335      0.5573     2.96337     34.8772
   454.775     458.716      0.5559     2.96336     34.8784
   455.155     459.099      0.5549     2.96336     34.8793
   455.536     459.484      0.5545     2.96336     34.8796
   455.918     459.870      0.5549     2.96336     34.8789
   456.299     460.255      0.5535     2.96335     34.8802
   456.681     460.640      0.5530     2.96331     34.8800
   457.065     461.028      0.5518     2.96324     34.8801
   457.449     461.416      0.5511     2.96319     34.8801
   457.836     461.807      0.5501     2.96319     34.8809
   458.227     462.201      0.5492     2.96318     34.8816
   458.620     462.598      0.5499     2.96315     34.8801
   459.015     462.997      0.5499     2.96307     34.8790
   459.411     463.397      0.5499     2.96304     34.8782
   459.805     463.795      0.5489     2.96303     34.8790
   460.198     464.192      0.5480     2.96303     34.8798
   460.594     464.591      0.5482     2.96303     34.8794
   460.990     464.991      0.5480     2.96303     34.8794
   461.388     465.393      0.5492     2.96304     34.8778
   461.786     465.795      0.5489     2.96304     34.8779
   462.186     466.199      0.5465     2.96303     34.8803
   462.587     466.604      0.5451     2.96303     34.8816
   462.989     467.010      0.5451     2.96298     34.8808
   463.393     467.418      0.5446     2.96291     34.8802
   463.799     467.828      0.5434     2.96286     34.8807
   464.208     468.241      0.5427     2.96281     34.8806
   464.619     468.656      0.5413     2.96269     34.8803
   465.035     469.076      0.5396     2.96253     34.8799
   465.453     469.498      0.5388     2.96237     34.8784
   465.872     469.921      0.5361     2.96225     34.8796
   466.289     470.342      0.5354     2.96223     34.8800
   466.707     470.764      0.5344     2.96222     34.8807
   467.126     471.187      0.5325     2.96207     34.8806
   467.548     471.613      0.5313     2.96190     34.8796
   467.971     472.041      0.5292     2.96177     34.8799
   468.395     472.469      0.5275     2.96161     34.8795
   468.817     472.895      0.5272     2.96149     34.8780
   469.240     473.322      0.5253     2.96140     34.8788
   469.665     473.751      0.5241     2.96132     34.8788
   470.092     474.182      0.5234     2.96128     34.8788
   470.517     474.611      0.5229     2.96127     34.8790
   470.941     475.040      0.5222     2.96120     34.8785
   471.365     475.468      0.5212     2.96108     34.8780
   471.792     475.899      0.5198     2.96104     34.8787
   472.220     476.331      0.5193     2.96104     34.8790
   472.648     476.763      0.5186     2.96103     34.8795
   473.073     477.193      0.5181     2.96103     34.8797
   473.501     477.625      0.5174     2.96099     34.8797
   473.929     478.057      0.5164     2.96091     34.8796
   474.355     478.487      0.5145     2.96083     34.8804
   474.778     478.914      0.5133     2.96075     34.8805
   475.201     479.341      0.5126     2.96071     34.8805
   475.623     479.768      0.5116     2.96070     34.8812
   476.049     480.198      0.5107     2.96066     34.8815
   476.477     480.630      0.5109     2.96059     34.8800
   476.905     481.062      0.5102     2.96054     34.8800
   477.332     481.493      0.5092     2.96050     34.8803
   477.758     481.924      0.5083     2.96043     34.8801
   478.187     482.357      0.5090     2.96043     34.8791
   478.614     482.788      0.5095     2.96046     34.8787
   479.040     483.218      0.5092     2.96043     34.8783
   479.465     483.647      0.5073     2.96039     34.8797
   479.891     484.078      0.5066     2.96039     34.8802
   480.318     484.509      0.5066     2.96039     34.8800
   480.745     484.940      0.5061     2.96039     34.8803
   481.170     485.369      0.5052     2.96039     34.8810
   481.596     485.799      0.5048     2.96037     34.8811
   482.022     486.230      0.5044     2.96033     34.8807
   482.451     486.663      0.5037     2.96028     34.8806
   482.878     487.094      0.5025     2.96024     34.8811
   483.305     487.525      0.5023     2.96018     34.8804
   483.733     487.957      0.5016     2.96010     34.8799
   484.162     488.391      0.4994     2.96006     34.8815
   484.594     488.827      0.4994     2.96002     34.8807
   485.027     489.264      0.4994     2.95998     34.8800
   485.458     489.699      0.4989     2.95998     34.8803
   485.886     490.132      0.4982     2.95999     34.8810
   486.314     490.564      0.4992     2.96012     34.8812
   486.743     490.997      0.5011     2.96030     34.8813
   487.171     491.429      0.5013     2.96035     34.8814
   487.600     491.863      0.5006     2.96028     34.8810
   488.031     492.298      0.5001     2.96020     34.8802
   488.464     492.735      0.4994     2.96012     34.8797
   488.899     493.174      0.4984     2.96008     34.8801
   489.335     493.615      0.4970     2.96012     34.8819
   489.770     494.054      0.4980     2.96019     34.8815
   490.202     494.490      0.4989     2.96020     34.8803
   490.635     494.928      0.4977     2.96016     34.8809
   491.075     495.372      0.4965     2.96011     34.8813
   491.523     495.824      0.4953     2.96000     34.8810
   491.974     496.280      0.4946     2.95996     34.8809
   492.434     496.744      0.4946     2.95998     34.8810
   492.904     497.219      0.4936     2.95995     34.8814
   493.380     497.700      0.4922     2.95991     34.8821
   493.854     498.178      0.4917     2.95986     34.8819
   494.320     498.649      0.4905     2.95979     34.8820
   494.780     499.114      0.4908     2.95979     34.8814
   495.234     499.572      0.4922     2.95983     34.8800
   495.679     500.022      0.4917     2.95983     34.8803
   496.117     500.464      0.4905     2.95982     34.8813
   496.552     500.903      0.4893     2.95974     34.8814
   496.984     501.339      0.4881     2.95962     34.8809
   497.413     501.773      0.4869     2.95953     34.8809
   497.838     502.202      0.4857     2.95945     34.8809
   498.259     502.627      0.4850     2.95937     34.8804
   498.676     503.048      0.4840     2.95929     34.8802
   499.088     503.464      0.4826     2.95925     34.8810
   499.493     503.873      0.4826     2.95925     34.8807
   499.887     504.271      0.4817     2.95924     34.8814
