North Pole Environmental Observatory   ÑÑÑ   2000 Aerial CTD Survey
Cast 6        84deg 56.0' N _  67deg 28.1' W       4/25/2000 _ 1730 UTC

  Depth(m)  Pres(dbar)     Temp(degC)   Cond(S/m)    Sal(psu)
#
     0.495       0.499      -1.6067     2.43524     30.4203
     0.498       0.502      -1.6057     2.43559     30.4240
     0.501       0.505      -1.6047     2.43417     30.4036
     0.505       0.509      -1.6059     2.43304     30.3893
     0.510       0.514      -1.6071     2.43313     30.3918
     0.517       0.521      -1.6074     2.43345     30.3964
     0.525       0.529      -1.6056     2.43353     30.3957
     0.536       0.540      -1.6056     2.43371     30.3982
     0.550       0.554      -1.6063     2.43414     30.4047
     0.568       0.572      -1.6061     2.43425     30.4061
     0.591       0.595      -1.6091     2.43396     30.4052
     0.620       0.625      -1.6091     2.43369     30.4014
     0.659       0.664      -1.6091     2.43319     30.3945
     0.708       0.713      -1.6100     2.43196     30.3786
     0.770       0.776      -1.6115     2.43012     30.3549
     0.850       0.856      -1.6132     2.42886     30.3393
     0.947       0.954      -1.6173     2.42791     30.3304
     1.070       1.078      -1.6214     2.42583     30.3061
     1.221       1.230      -1.6278     2.42288     30.2721
     1.402       1.413      -1.6352     2.41925     30.2298
     1.612       1.624      -1.6389     2.41570     30.1848
     1.847       1.861      -1.6421     2.41400     30.1646
     2.108       2.124      -1.6435     2.41366     30.1612
     2.394       2.412      -1.6445     2.41356     30.1607
     2.702       2.723      -1.6444     2.41355     30.1603
     3.031       3.054      -1.6426     2.41356     30.1583
     3.371       3.397      -1.6443     2.41355     30.1598
     3.723       3.751      -1.6447     2.41355     30.1600
     4.081       4.112      -1.6432     2.41355     30.1583
     4.445       4.479      -1.6436     2.41355     30.1585
     4.810       4.847      -1.6433     2.41359     30.1585
     5.181       5.220      -1.6428     2.41367     30.1588
     5.555       5.597      -1.6432     2.41371     30.1595
     5.936       5.981      -1.6416     2.41371     30.1578
     6.323       6.371      -1.6426     2.41371     30.1585
     6.714       6.765      -1.6425     2.41371     30.1581
     7.108       7.162      -1.6422     2.41370     30.1576
     7.503       7.560      -1.6436     2.41370     30.1587
     7.901       7.961      -1.6413     2.41375     30.1568
     8.306       8.369      -1.6428     2.41381     30.1590
     8.716       8.782      -1.6435     2.41385     30.1600
     9.128       9.198      -1.6426     2.41385     30.1589
     9.543       9.616      -1.6438     2.41385     30.1598
     9.959      10.035      -1.6428     2.41385     30.1586
    10.378      10.457      -1.6435     2.41389     30.1595
    10.799      10.881      -1.6429     2.41396     30.1597
    11.219      11.305      -1.6416     2.41400     30.1587
    11.636      11.725      -1.6403     2.41400     30.1571
    12.050      12.142      -1.6400     2.41400     30.1566
    12.461      12.556      -1.6422     2.41400     30.1585
    12.870      12.968      -1.6429     2.41403     30.1595
    13.280      13.381      -1.6426     2.41411     30.1599
    13.696      13.801      -1.6450     2.41414     30.1626
    14.121      14.229      -1.6432     2.41419     30.1611
    14.550      14.661      -1.6416     2.41426     30.1603
    14.981      15.095      -1.6416     2.41430     30.1606
    15.406      15.524      -1.6415     2.41430     30.1602
    15.824      15.945      -1.6420     2.41430     30.1604
    16.237      16.361      -1.6427     2.41429     30.1609
    16.642      16.769      -1.6411     2.41433     30.1596
    17.039      17.169      -1.6403     2.41441     30.1595
    17.427      17.560      -1.6430     2.41444     30.1624
    17.806      17.942      -1.6432     2.41444     30.1624
    18.178      18.317      -1.6419     2.41444     30.1609
    18.546      18.688      -1.6411     2.41444     30.1598
    18.916      19.061      -1.6420     2.41443     30.1605
    19.287      19.434      -1.6424     2.41443     30.1606
    19.655      19.805      -1.6404     2.41443     30.1583
    20.026      20.179      -1.6396     2.41442     30.1573
    20.404      20.560      -1.6410     2.41442     30.1584
    20.793      20.952      -1.6422     2.41441     30.1594
    21.194      21.356      -1.6411     2.41445     30.1585
    21.606      21.771      -1.6418     2.41452     30.1599
    22.027      22.196      -1.6423     2.41456     30.1607
    22.459      22.631      -1.6425     2.41456     30.1606
    22.903      23.078      -1.6412     2.41456     30.1591
    23.352      23.531      -1.6399     2.41456     30.1575
    23.798      23.980      -1.6385     2.41460     30.1564
    24.235      24.421      -1.6392     2.41467     30.1578
    24.665      24.854      -1.6409     2.41470     30.1597
    25.089      25.281      -1.6406     2.41470     30.1592
    25.509      25.704      -1.6408     2.41470     30.1591
    25.925      26.124      -1.6400     2.41470     30.1580
    26.342      26.544      -1.6399     2.41473     30.1582
    26.758      26.963      -1.6399     2.41480     30.1589
    27.177      27.385      -1.6398     2.41485     30.1591
    27.597      27.809      -1.6398     2.41489     30.1594
    28.021      28.236      -1.6397     2.41496     30.1601
    28.442      28.660      -1.6406     2.41500     30.1613
    28.859      29.080      -1.6411     2.41504     30.1621
    29.272      29.496      -1.6395     2.41512     30.1613
    29.681      29.909      -1.6390     2.41524     30.1623
    30.084      30.315      -1.6387     2.41545     30.1646
    30.483      30.717      -1.6394     2.41612     30.1743
    30.878      31.115      -1.6363     2.41863     30.2053
    31.277      31.517      -1.6268     2.42302     30.2554
    31.684      31.927      -1.6163     2.42717     30.3013
    32.098      32.344      -1.6082     2.43090     30.3439
    32.516      32.766      -1.5985     2.43563     30.3985
    32.942      33.195      -1.5897     2.44128     30.4665
    33.374      33.630      -1.5792     2.44904     30.5617
    33.809      34.069      -1.5580     2.46032     30.6941
    34.244      34.507      -1.5355     2.47169     30.8261
    34.675      34.941      -1.5193     2.47933     30.9137
    35.103      35.373      -1.5089     2.48393     30.9655
    35.536      35.809      -1.5023     2.48756     31.0081
    35.979      36.255      -1.5018     2.49083     31.0521
    36.432      36.712      -1.5085     2.49377     31.0990
    36.896      37.180      -1.5104     2.49697     31.1446
    37.370      37.657      -1.5066     2.50025     31.1852
    37.852      38.143      -1.5070     2.50323     31.2262
    38.346      38.641      -1.5077     2.50631     31.2687
    38.853      39.152      -1.5077     2.50959     31.3134
    39.374      39.677      -1.5011     2.51325     31.3562
    39.909      40.216      -1.4884     2.51724     31.3972
    40.450      40.761      -1.4849     2.52073     31.4410
    40.993      41.308      -1.4843     2.52374     31.4813
    41.533      41.853      -1.4783     2.52701     31.5194
    42.068      42.392      -1.4753     2.52993     31.5559
    42.589      42.917      -1.4799     2.53185     31.5868
    43.095      43.427      -1.4866     2.53335     31.6141
    43.586      43.922      -1.4905     2.53487     31.6389
    44.063      44.402      -1.4917     2.53633     31.6598
    44.521      44.864      -1.4951     2.53762     31.6808
    44.962      45.308      -1.4963     2.53872     31.6969
    45.386      45.736      -1.4984     2.53967     31.7119
    45.799      46.152      -1.5011     2.54065     31.7281
    46.206      46.562      -1.5028     2.54179     31.7452
    46.609      46.968      -1.5037     2.54310     31.7640
    47.012      47.374      -1.5019     2.54467     31.7834
    47.417      47.783      -1.5004     2.54627     31.8034
    47.831      48.200      -1.5013     2.54748     31.8207
    48.260      48.632      -1.5028     2.54856     31.8369
    48.703      49.079      -1.5012     2.55012     31.8563
    49.164      49.543      -1.4934     2.55220     31.8763
    49.646      50.029      -1.4858     2.55419     31.8951
    50.149      50.536      -1.4875     2.55577     31.9183
    50.676      51.067      -1.4891     2.55721     31.9395
    51.228      51.623      -1.4911     2.55868     31.9615
    51.803      52.203      -1.4931     2.56019     31.9840
    52.401      52.806      -1.4968     2.56162     32.0072
    53.018      53.428      -1.5033     2.56296     32.0322
    53.648      54.062      -1.5102     2.56457     32.0615
    54.286      54.705      -1.5157     2.56671     32.0964
    54.927      55.352      -1.5134     2.56914     32.1268
    55.567      55.997      -1.5092     2.57135     32.1524
    56.196      56.631      -1.5047     2.57324     32.1731
    56.809      57.248      -1.4990     2.57499     32.1906
    57.397      57.841      -1.4928     2.57668     32.2068
    57.958      58.406      -1.4878     2.57814     32.2211
    58.489      58.942      -1.4841     2.57911     32.2300
    58.997      59.454      -1.4883     2.57961     32.2411
    59.489      59.949      -1.4903     2.58022     32.2514
    59.968      60.432      -1.4908     2.58088     32.2607
    60.437      60.905      -1.4962     2.58123     32.2712
    60.898      61.370      -1.5004     2.58162     32.2807
    61.354      61.829      -1.5022     2.58221     32.2906
    61.803      62.282      -1.5036     2.58285     32.3006
    62.251      62.733      -1.5036     2.58339     32.3077
    62.699      63.185      -1.5051     2.58374     32.3138
    63.151      63.640      -1.5079     2.58407     32.3212
    63.604      64.097      -1.5086     2.58449     32.3274
    64.062      64.559      -1.5081     2.58501     32.3337
    64.536      65.036      -1.5053     2.58577     32.3409
    65.026      65.530      -1.5039     2.58652     32.3494
    65.535      66.043      -1.5086     2.58687     32.3590
    66.062      66.574      -1.5128     2.58712     32.3666
    66.604      67.121      -1.5150     2.58765     32.3760
    67.165      67.686      -1.5177     2.58841     32.3890
    67.744      68.270      -1.5195     2.58923     32.4020
    68.338      68.868      -1.5205     2.59014     32.4152
    68.942      69.477      -1.5207     2.59109     32.4281
    69.552      70.092      -1.5202     2.59212     32.4414
    70.167      70.712      -1.5167     2.59321     32.4522
    70.783      71.333      -1.5194     2.59395     32.4650
    71.397      71.952      -1.5256     2.59440     32.4774
    72.008      72.567      -1.5276     2.59493     32.4866
    72.611      73.175      -1.5284     2.59552     32.4952
    73.212      73.781      -1.5309     2.59587     32.5024
    73.812      74.386      -1.5371     2.59618     32.5131
    74.411      74.990      -1.5353     2.59711     32.5236
    75.012      75.595      -1.5266     2.59844     32.5320
    75.611      76.199      -1.5233     2.59957     32.5436
    76.206      76.799      -1.5211     2.60063     32.5553
    76.797      77.395      -1.5208     2.60172     32.5697
    77.387      77.989      -1.5176     2.60269     32.5792
    77.969      78.576      -1.5204     2.60326     32.5897
    78.542      79.153      -1.5243     2.60374     32.6003
    79.101      79.717      -1.5253     2.60446     32.6109
    79.653      80.273      -1.5251     2.60518     32.6203
    80.200      80.825      -1.5268     2.60563     32.6280
    80.742      81.371      -1.5303     2.60584     32.6344
    81.280      81.913      -1.5332     2.60619     32.6421
    81.817      82.455      -1.5297     2.60697     32.6486
    82.359      83.001      -1.5220     2.60797     32.6536
    82.906      83.552      -1.5188     2.60900     32.6640
    83.462      84.113      -1.5141     2.61042     32.6780
    84.030      84.685      -1.5024     2.61226     32.6901
    84.610      85.270      -1.4982     2.61371     32.7052
    85.203      85.868      -1.5016     2.61443     32.7184
    85.806      86.475      -1.5031     2.61508     32.7286
    86.413      87.087      -1.5039     2.61594     32.7411
    87.019      87.698      -1.5177     2.61628     32.7605
    87.616      88.300      -1.5334     2.61644     32.7795
    88.199      88.888      -1.5366     2.61744     32.7966
    88.766      89.459      -1.5386     2.61871     32.8159
    89.315      90.013      -1.5384     2.61979     32.8303
    89.849      90.551      -1.5339     2.62112     32.8433
    90.368      91.074      -1.5254     2.62268     32.8551
    90.871      91.581      -1.5225     2.62377     32.8665
    91.356      92.070      -1.5319     2.62401     32.8800
    91.824      92.542      -1.5388     2.62439     32.8926
    92.278      92.999      -1.5336     2.62549     32.9016
    92.724      93.449      -1.5274     2.62658     32.9095
    93.164      93.892      -1.5281     2.62726     32.9194
    93.600      94.332      -1.5301     2.62769     32.9273
    94.037      94.772      -1.5346     2.62807     32.9372
    94.476      95.215      -1.5378     2.62853     32.9468
    94.924      95.667      -1.5413     2.62914     32.9589
    95.387      96.133      -1.5432     2.62990     32.9711
    95.864      96.614      -1.5443     2.63056     32.9812
    96.356      97.110      -1.5490     2.63113     32.9939
    96.863      97.621      -1.5504     2.63193     33.0062
    97.387      98.149      -1.5444     2.63351     33.0211
    97.929      98.696      -1.5291     2.63587     33.0364
    98.493      99.264      -1.5228     2.63760     33.0528
    99.075      99.851      -1.5280     2.63850     33.0707
    99.675     100.456      -1.5196     2.64020     33.0844
   100.288     101.074      -1.5153     2.64178     33.1011
   100.912     101.703      -1.5464     2.64103     33.1248
   101.542     102.338      -1.5840     2.63927     33.1420
   102.171     102.972      -1.6009     2.63894     33.1558
   102.799     103.605      -1.6049     2.63987     33.1728
   103.426     104.237      -1.6053     2.64116     33.1908
   104.055     104.871      -1.5879     2.64364     33.2052
   104.689     105.510      -1.5486     2.64765     33.2164
   105.324     106.151      -1.5359     2.65007     33.2351
   105.959     106.791      -1.5680     2.64927     33.2595
   106.591     107.428      -1.5921     2.64854     33.2760
   107.217     108.059      -1.5899     2.64962     33.2882
   107.832     108.679      -1.5896     2.65095     33.3058
   108.432     109.284      -1.5906     2.65220     33.3238
   109.016     109.872      -1.5856     2.65378     33.3397
   109.576     110.437      -1.5796     2.65530     33.3536
   110.110     110.975      -1.5752     2.65647     33.3646
   110.617     111.486      -1.5752     2.65733     33.3761
   111.105     111.978      -1.5742     2.65815     33.3860
   111.581     112.458      -1.5787     2.65844     33.3948
   112.048     112.929      -1.6015     2.65748     33.4068
   112.509     113.394      -1.6249     2.65672     33.4224
   112.968     113.857      -1.6221     2.65769     33.4322
   113.430     114.322      -1.6104     2.65954     33.4444
   113.895     114.791      -1.6030     2.66115     33.4582
   114.365     115.265      -1.5958     2.66236     33.4665
   114.841     115.745      -1.5940     2.66345     33.4793
   115.329     116.237      -1.5899     2.66489     33.4942
   115.835     116.747      -1.5832     2.66651     33.5088
   116.361     117.277      -1.5766     2.66773     33.5179
   116.905     117.826      -1.5726     2.66861     33.5252
   117.467     118.392      -1.5771     2.66909     33.5366
   118.045     118.975      -1.5942     2.66874     33.5506
   118.637     119.572      -1.6169     2.66798     33.5654
   119.239     120.179      -1.6323     2.66764     33.5776
   119.849     120.794      -1.6452     2.66743     33.5889
   120.464     121.414      -1.6489     2.66757     33.5947
   121.077     122.032      -1.6427     2.66864     33.6021
   121.684     122.644      -1.6395     2.66998     33.6167
   122.286     123.250      -1.6275     2.67139     33.6222
   122.878     123.847      -1.6146     2.67293     33.6286
   123.464     124.438      -1.6046     2.67443     33.6377
   124.046     125.025      -1.5946     2.67585     33.6457
   124.628     125.612      -1.5822     2.67756     33.6550
   125.208     126.196      -1.5596     2.68026     33.6665
   125.787     126.780      -1.5312     2.68336     33.6768
   126.365     127.363      -1.5148     2.68561     33.6890
   126.943     127.946      -1.5083     2.68698     33.7003
   127.520     128.527      -1.5053     2.68801     33.7107
   128.092     129.104      -1.5068     2.68870     33.7215
   128.662     129.679      -1.5151     2.68868     33.7303
   129.233     130.254      -1.5270     2.68847     33.7406
   129.806     130.832      -1.5289     2.68921     33.7525
   130.385     131.416      -1.5172     2.69091     33.7625
   130.970     132.006      -1.5013     2.69278     33.7700
   131.564     132.605      -1.4919     2.69433     33.7802
   132.172     133.217      -1.4907     2.69523     33.7909
   132.793     133.844      -1.4991     2.69549     33.8037
   133.430     134.486      -1.5008     2.69601     33.8124
   134.078     135.139      -1.4958     2.69706     33.8209
   134.734     135.801      -1.4928     2.69810     33.8314
   135.397     136.469      -1.4898     2.69921     33.8429
   136.062     137.140      -1.4804     2.70080     33.8538
   136.727     137.810      -1.4694     2.70257     33.8653
   137.393     138.481      -1.4588     2.70440     33.8781
   138.058     139.152      -1.4451     2.70634     33.8888
   138.726     139.825      -1.4339     2.70813     33.9004
   139.392     140.497      -1.4250     2.70984     33.9134
   140.056     141.166      -1.4138     2.71162     33.9249
   140.720     141.836      -1.4017     2.71351     33.9368
   141.384     142.505      -1.3880     2.71537     33.9463
   142.044     143.171      -1.3764     2.71701     33.9553
   142.701     143.833      -1.3662     2.71868     33.9663
   143.355     144.493      -1.3484     2.72090     33.9763
   144.007     145.150      -1.3208     2.72387     33.9854
   144.658     145.806      -1.2966     2.72684     33.9982
   145.310     146.464      -1.2760     2.72949     34.0108
   145.968     147.127      -1.2478     2.73255     34.0204
   146.627     147.792      -1.2171     2.73612     34.0340
   147.287     148.457      -1.1879     2.73967     34.0491
   147.945     149.121      -1.1662     2.74255     34.0635
   148.604     149.785      -1.1514     2.74466     34.0751
   149.261     150.448      -1.1417     2.74640     34.0875
   149.917     151.109      -1.1314     2.74803     34.0978
   150.567     151.764      -1.1185     2.74957     34.1037
   151.211     152.414      -1.1076     2.75108     34.1116
   151.854     153.062      -1.0918     2.75297     34.1191
   152.493     153.707      -1.0762     2.75478     34.1257
   153.133     154.352      -1.0674     2.75609     34.1332
   153.769     154.993      -1.0573     2.75734     34.1383
   154.401     155.630      -1.0531     2.75833     34.1467
   155.022     156.257      -1.0516     2.75929     34.1577
   155.625     156.865      -1.0329     2.76142     34.1651
   156.203     157.447      -1.0055     2.76409     34.1700
   156.752     158.001      -0.9932     2.76573     34.1780
   157.276     158.529      -0.9850     2.76672     34.1819
   157.776     159.033      -0.9776     2.76763     34.1856
   158.255     159.516      -0.9722     2.76823     34.1873
   158.717     159.982      -0.9722     2.76851     34.1909
   159.166     160.435      -0.9744     2.76872     34.1960
   159.607     160.880      -0.9710     2.76930     34.1996
   160.048     161.324      -0.9609     2.77033     34.2019
   160.490     161.770      -0.9505     2.77146     34.2052
   160.933     162.217      -0.9421     2.77251     34.2097
   161.377     162.665      -0.9362     2.77334     34.2141
   161.825     163.116      -0.9338     2.77414     34.2219
   162.274     163.569      -0.9168     2.77606     34.2284
   162.723     164.022      -0.8909     2.77876     34.2355
   163.173     164.476      -0.8767     2.78064     34.2446
   163.622     164.928      -0.8641     2.78188     34.2468
   164.070     165.380      -0.8555     2.78287     34.2502
   164.522     165.836      -0.8516     2.78334     34.2520
   164.979     166.297      -0.8491     2.78369     34.2535
   165.442     166.764      -0.8466     2.78423     34.2577
   165.915     167.241      -0.8442     2.78480     34.2625
   166.395     167.725      -0.8397     2.78555     34.2672
   166.879     168.213      -0.8319     2.78669     34.2735
   167.364     168.702      -0.8189     2.78811     34.2778
   167.848     169.190      -0.8046     2.78961     34.2815
   168.330     169.676      -0.7970     2.79081     34.2889
   168.813     170.163      -0.7901     2.79152     34.2904
   169.301     170.655      -0.7881     2.79188     34.2926
   169.795     171.153      -0.7864     2.79229     34.2959
   170.297     171.659      -0.7820     2.79292     34.2992
   170.809     172.176      -0.7742     2.79370     34.3005
   171.334     172.705      -0.7675     2.79451     34.3036
   171.866     173.241      -0.7619     2.79534     34.3081
   172.399     173.779      -0.7523     2.79629     34.3098
   172.929     174.313      -0.7436     2.79734     34.3138
   173.452     174.841      -0.7378     2.79833     34.3202
   173.966     175.359      -0.7314     2.79932     34.3260
   174.471     175.868      -0.7250     2.80035     34.3325
   174.970     176.372      -0.7178     2.80121     34.3355
   175.465     176.871      -0.7129     2.80177     34.3373
   175.954     177.364      -0.7071     2.80240     34.3389
   176.441     177.855      -0.7002     2.80327     34.3425
   176.932     178.350      -0.6911     2.80439     34.3471
   177.432     178.854      -0.6766     2.80588     34.3504
   177.938     179.365      -0.6637     2.80729     34.3545
   178.453     179.884      -0.6565     2.80820     34.3583
   178.973     180.408      -0.6536     2.80871     34.3615
   179.498     180.938      -0.6516     2.80905     34.3635
   180.028     181.472      -0.6477     2.80950     34.3649
   180.565     182.014      -0.6443     2.81014     34.3693
   181.115     182.568      -0.6394     2.81084     34.3729
   181.680     183.138      -0.6315     2.81173     34.3755
   182.262     183.725      -0.6193     2.81298     34.3782
   182.863     184.331      -0.6086     2.81428     34.3832
   183.484     184.957      -0.6000     2.81536     34.3877
   184.123     185.602      -0.5914     2.81636     34.3909
   184.778     186.262      -0.5839     2.81734     34.3952
   185.443     186.933      -0.5783     2.81824     34.4005
   186.113     187.609      -0.5730     2.81902     34.4047
   186.783     188.284      -0.5649     2.81982     34.4059
   187.451     188.958      -0.5549     2.82078     34.4071
   188.121     189.634      -0.5464     2.82196     34.4129
   188.792     190.310      -0.5383     2.82322     34.4202
   189.463     190.987      -0.5290     2.82437     34.4247
   190.141     191.671      -0.5198     2.82537     34.4273
   190.827     192.363      -0.5125     2.82638     34.4321
   191.522     193.064      -0.5015     2.82753     34.4347
   192.224     193.772      -0.4905     2.82873     34.4380
   192.931     194.485      -0.4786     2.83006     34.4419
   193.641     195.201      -0.4677     2.83152     34.4486
   194.351     195.917      -0.4594     2.83283     34.4564
   195.057     196.629      -0.4491     2.83395     34.4594
   195.756     197.334      -0.4387     2.83499     34.4611
   196.449     198.033      -0.4304     2.83602     34.4650
   197.135     198.724      -0.4229     2.83699     34.4692
   197.811     199.406      -0.4146     2.83786     34.4710
   198.479     200.080      -0.4081     2.83869     34.4743
   199.141     200.747      -0.4013     2.83955     34.4778
   199.796     201.408      -0.3942     2.84050     34.4820
   200.448     202.066      -0.3852     2.84155     34.4855
   201.096     202.719      -0.3774     2.84251     34.4891
   201.741     203.370      -0.3726     2.84315     34.4918
   202.386     204.020      -0.3673     2.84377     34.4938
   203.034     204.674      -0.3622     2.84449     34.4973
   203.688     205.333      -0.3571     2.84520     34.5006
   204.345     205.996      -0.3488     2.84606     34.5022
   205.004     206.661      -0.3406     2.84696     34.5046
   205.661     207.323      -0.3335     2.84790     34.5087
   206.312     207.980      -0.3265     2.84878     34.5122
   206.958     208.631      -0.3216     2.84946     34.5154
   207.597     209.276      -0.3153     2.85020     34.5177
   208.230     209.914      -0.3068     2.85106     34.5192
   208.861     210.551      -0.2998     2.85193     34.5225
   209.497     211.192      -0.2930     2.85285     34.5267
   210.134     211.835      -0.2852     2.85367     34.5285
   210.774     212.480      -0.2804     2.85435     34.5317
   211.414     213.126      -0.2741     2.85513     34.5345
   212.055     213.772      -0.2666     2.85594     34.5364
   212.691     214.414      -0.2605     2.85668     34.5390
   213.325     215.053      -0.2555     2.85736     34.5421
   213.954     215.687      -0.2509     2.85794     34.5442
   214.573     216.312      -0.2467     2.85843     34.5457
   215.184     216.928      -0.2436     2.85896     34.5489
   215.782     217.531      -0.2380     2.85957     34.5503
   216.370     218.124      -0.2327     2.86022     34.5526
   216.945     218.704      -0.2271     2.86084     34.5541
   217.510     219.274      -0.2213     2.86146     34.5555
   218.066     219.835      -0.2150     2.86216     34.5574
   218.615     220.389      -0.2097     2.86293     34.5613
   219.161     220.939      -0.2037     2.86371     34.5645
   219.705     221.488      -0.1976     2.86442     34.5668
   220.250     222.038      -0.1906     2.86522     34.5692
   220.800     222.592      -0.1826     2.86623     34.5732
   221.356     223.153      -0.1743     2.86725     34.5771
   221.920     223.722      -0.1661     2.86813     34.5792
   222.495     224.302      -0.1591     2.86899     34.5823
   223.083     224.895      -0.1521     2.86977     34.5844
   223.681     225.498      -0.1468     2.87048     34.5875
   224.290     226.113      -0.1412     2.87120     34.5905
   224.910     226.738      -0.1359     2.87186     34.5928
   225.538     227.371      -0.1294     2.87245     34.5929
   226.170     228.009      -0.1226     2.87312     34.5937
   226.807     228.651      -0.1166     2.87393     34.5973
   227.444     229.294      -0.1115     2.87477     34.6024
   228.081     229.936      -0.1059     2.87552     34.6057
   228.712     230.573      -0.0970     2.87633     34.6059
   229.337     231.203      -0.0878     2.87734     34.6086
   229.957     231.829      -0.0803     2.87835     34.6132
   230.571     232.448      -0.0733     2.87920     34.6161
   231.182     233.064      -0.0648     2.88003     34.6172
   231.793     233.681      -0.0573     2.88093     34.6203
   232.406     234.299      -0.0508     2.88183     34.6245
   233.023     234.921      -0.0436     2.88273     34.6279
   233.649     235.553      -0.0368     2.88355     34.6307
   234.291     236.200      -0.0303     2.88421     34.6317
   234.944     236.859      -0.0249     2.88475     34.6324
   235.608     237.529      -0.0211     2.88525     34.6343
   236.284     238.211      -0.0156     2.88582     34.6352
   236.971     238.904      -0.0098     2.88647     34.6368
   237.663     239.602      -0.0044     2.88709     34.6385
   238.359     240.304      -0.0011     2.88774     34.6430
   239.062     241.013       0.0042     2.88848     34.6464
   239.767     241.724       0.0112     2.88927     34.6485
   240.473     242.436       0.0192     2.89016     34.6509
   241.182     243.151       0.0269     2.89106     34.6536
   241.890     243.866       0.0334     2.89180     34.6557
   242.601     244.583       0.0385     2.89247     34.6583
   243.315     245.303       0.0447     2.89313     34.6597
   244.030     246.024       0.0500     2.89387     34.6631
   244.745     246.746       0.0565     2.89472     34.6665
   245.461     247.468       0.0628     2.89554     34.6697
   246.176     248.189       0.0686     2.89620     34.6715
   246.890     248.909       0.0753     2.89680     34.6715
   247.600     249.626       0.0818     2.89758     34.6740
   248.308     250.340       0.0881     2.89853     34.6791
   249.010     251.048       0.0948     2.89931     34.6813
   249.706     251.750       0.1011     2.89987     34.6812
   250.396     252.446       0.1037     2.90042     34.6850
   251.078     253.134       0.1110     2.90116     34.6862
   251.753     253.815       0.1199     2.90205     34.6875
   252.424     254.492       0.1264     2.90290     34.6910
   253.092     255.166       0.1321     2.90364     34.6939
   253.758     255.838       0.1357     2.90423     34.6972
   254.425     256.510       0.1408     2.90485     34.6992
   255.089     257.180       0.1471     2.90553     34.7008
   255.752     257.849       0.1524     2.90617     34.7027
   256.414     258.517       0.1589     2.90690     34.7047
   257.076     259.185       0.1651     2.90766     34.7073
   257.736     259.851       0.1704     2.90824     34.7086
   258.395     260.515       0.1759     2.90875     34.7087
   259.047     261.173       0.1802     2.90933     34.7111
   259.695     261.827       0.1843     2.91005     34.7155
   260.340     262.478       0.1891     2.91069     34.7182
   260.983     263.126       0.1941     2.91120     34.7188
   261.622     263.771       0.1993     2.91169     34.7191
   262.261     264.415       0.2045     2.91218     34.7193
   262.900     265.060       0.2086     2.91267     34.7207
   263.538     265.704       0.2110     2.91312     34.7236
   264.175     266.346       0.2148     2.91362     34.7255
   264.806     266.983       0.2194     2.91422     34.7278
   265.434     267.617       0.2237     2.91479     34.7301
   266.060     268.248       0.2299     2.91534     34.7300
   266.684     268.878       0.2347     2.91596     34.7323
   267.304     269.503       0.2400     2.91665     34.7350
   267.918     270.122       0.2450     2.91734     34.7380
   268.528     270.738       0.2491     2.91791     34.7405
   269.136     271.351       0.2530     2.91831     34.7411
   269.745     271.966       0.2554     2.91857     34.7414
   270.364     272.590       0.2568     2.91878     34.7422
   270.992     273.224       0.2592     2.91906     34.7428
   271.630     273.867       0.2628     2.91938     34.7426
   272.275     274.518       0.2642     2.91970     34.7448
   272.929     275.178       0.2664     2.92002     34.7462
   273.586     275.841       0.2677     2.92031     34.7482
   274.246     276.507       0.2723     2.92070     34.7477
   274.910     277.177       0.2783     2.92130     34.7484
   275.580     277.852       0.2833     2.92194     34.7508
   276.255     278.533       0.2869     2.92241     34.7524
   276.933     279.218       0.2905     2.92284     34.7536
   277.613     279.904       0.2946     2.92344     34.7565
   278.293     280.590       0.2999     2.92409     34.7587
   278.973     281.276       0.3054     2.92471     34.7602
   279.656     281.965       0.3097     2.92528     34.7624
   280.343     282.658       0.3143     2.92570     34.7623
   281.032     283.353       0.3179     2.92603     34.7622
   281.722     284.049       0.3198     2.92637     34.7640
   282.412     284.745       0.3222     2.92678     34.7663
   283.103     285.443       0.3238     2.92725     34.7704
   283.797     286.143       0.3303     2.92775     34.7692
   284.490     286.842       0.3360     2.92825     34.7689
   285.182     287.540       0.3392     2.92874     34.7713
   285.875     288.239       0.3425     2.92923     34.7735
   286.570     288.940       0.3464     2.92963     34.7740
   287.260     289.637       0.3483     2.92992     34.7753
   287.945     290.328       0.3509     2.93017     34.7752
   288.626     291.015       0.3547     2.93043     34.7738
   289.302     291.697       0.3566     2.93071     34.7750
   289.971     292.372       0.3578     2.93103     34.7774
   290.635     293.042       0.3595     2.93135     34.7793
   291.295     293.708       0.3613     2.93167     34.7811
   291.955     294.374       0.3634     2.93195     34.7821
   292.617     295.042       0.3661     2.93217     34.7815
   293.281     295.712       0.3692     2.93243     34.7810
   293.948     296.385       0.3728     2.93283     34.7818
   294.617     297.060       0.3742     2.93327     34.7855
   295.287     297.736       0.3768     2.93364     34.7871
   295.955     298.410       0.3799     2.93402     34.7881
   296.618     299.079       0.3849     2.93443     34.7874
   297.276     299.742       0.3876     2.93480     34.7889
   297.921     300.393       0.3902     2.93517     34.7904
   298.552     301.030       0.3931     2.93553     34.7915
   299.168     301.652       0.3931     2.93577     34.7943
   299.773     302.262       0.3949     2.93599     34.7947
   300.364     302.858       0.3973     2.93627     34.7953
   300.944     303.444       0.3985     2.93654     34.7972
   301.518     304.023       0.4014     2.93671     34.7959
   302.085     304.595       0.4023     2.93685     34.7963
   302.646     305.161       0.4051     2.93709     34.7959
   303.204     305.724       0.4087     2.93737     34.7952
   303.766     306.291       0.4109     2.93762     34.7957
   304.335     306.865       0.4123     2.93786     34.7970
   304.911     307.446       0.4145     2.93811     34.7974
   305.489     308.029       0.4139     2.93835     34.8008
   306.070     308.616       0.4151     2.93859     34.8023
   306.654     309.205       0.4185     2.93884     34.8014
   307.236     309.792       0.4192     2.93904     34.8028
   307.813     310.375       0.4201     2.93917     34.8031
   308.392     310.959       0.4225     2.93929     34.8018
   308.971     311.543       0.4244     2.93945     34.8013
   309.551     312.128       0.4246     2.93957     34.8023
   310.138     312.721       0.4239     2.93969     34.8043
   310.738     313.326       0.4248     2.93981     34.8045
   311.353     313.947       0.4257     2.93989     34.8042
   311.983     314.582       0.4264     2.93997     34.8041
   312.624     315.229       0.4276     2.94006     34.8035
   313.274     315.885       0.4280     2.94022     34.8048
   313.928     316.545       0.4304     2.94047     34.8049
   314.584     317.207       0.4311     2.94071     34.8069
   315.245     317.874       0.4343     2.94101     34.8068
   315.907     318.542       0.4376     2.94134     34.8070
   316.565     319.206       0.4414     2.94166     34.8066
   317.218     319.865       0.4438     2.94191     34.8067
   317.867     320.520       0.4442     2.94204     34.8076
   318.512     321.171       0.4432     2.94220     34.8104
   319.156     321.820       0.4434     2.94244     34.8129
   319.795     322.465       0.4446     2.94264     34.8138
   320.431     323.107       0.4470     2.94276     34.8123
   321.066     323.748       0.4472     2.94281     34.8124
   321.701     324.389       0.4481     2.94290     34.8121
   322.335     325.028       0.4488     2.94305     34.8129
   322.966     325.665       0.4510     2.94318     34.8117
   323.597     326.302       0.4515     2.94330     34.8124
   324.230     326.941       0.4522     2.94342     34.8128
   324.862     327.578       0.4531     2.94355     34.8131
   325.491     328.213       0.4550     2.94371     34.8127
   326.122     328.850       0.4542     2.94387     34.8153
   326.756     329.490       0.4544     2.94403     34.8168
   327.396     330.135       0.4585     2.94421     34.8141
   328.042     330.787       0.4582     2.94441     34.8167
   328.693     331.444       0.4587     2.94461     34.8183
   329.350     332.107       0.4625     2.94478     34.8160
   330.016     332.779       0.4639     2.94495     34.8161
   330.687     333.457       0.4629     2.94510     34.8189
   331.364     334.140       0.4634     2.94522     34.8194
   332.044     334.826       0.4648     2.94527     34.8181
   332.724     335.512       0.4636     2.94531     34.8196
   333.404     336.198       0.4660     2.94544     34.8182
   334.082     336.883       0.4669     2.94560     34.8188
   334.755     337.562       0.4666     2.94576     34.8209
   335.422     338.235       0.4683     2.94592     34.8207
   336.081     338.900       0.4687     2.94605     34.8215
   336.727     339.552       0.4673     2.94613     34.8237
   337.359     340.190       0.4673     2.94625     34.8249
   337.981     340.817       0.4678     2.94637     34.8255
   338.594     341.436       0.4694     2.94643     34.8241
   339.207     342.055       0.4710     2.94647     34.8226
   339.828     342.681       0.4720     2.94653     34.8218
   340.459     343.318       0.4720     2.94661     34.8225
   341.100     343.965       0.4729     2.94670     34.8223
   341.752     344.623       0.4738     2.94679     34.8220
   342.411     345.288       0.4721     2.94690     34.8250
   343.080     345.963       0.4721     2.94702     34.8262
   343.756     346.646       0.4738     2.94711     34.8251
   344.441     347.337       0.4745     2.94723     34.8254
   345.131     348.033       0.4762     2.94736     34.8247
   345.824     348.733       0.4764     2.94745     34.8252
   346.522     349.437       0.4773     2.94756     34.8254
   347.220     350.141       0.4771     2.94768     34.8267
   347.913     350.841       0.4773     2.94777     34.8272
   348.601     351.535       0.4761     2.94789     34.8297
   349.279     352.219       0.4767     2.94801     34.8302
   349.945     352.892       0.4779     2.94809     34.8295
   350.597     353.550       0.4775     2.94817     34.8306
   351.236     354.195       0.4789     2.94826     34.8298
   351.867     354.831       0.4784     2.94834     34.8310
   352.490     355.460       0.4772     2.94837     34.8325
   353.114     356.090       0.4769     2.94842     34.8330
   353.742     356.724       0.4781     2.94849     34.8323
   354.376     357.364       0.4788     2.94854     34.8317
   355.018     358.012       0.4798     2.94859     34.8308
   355.669     358.669       0.4822     2.94867     34.8288
   356.329     359.335       0.4816     2.94876     34.8303
   356.998     360.010       0.4801     2.94892     34.8336
   357.672     360.690       0.4837     2.94916     34.8323
   358.350     361.374       0.4864     2.94932     34.8310
   359.029     362.060       0.4857     2.94937     34.8321
   359.709     362.746       0.4845     2.94942     34.8336
   360.387     363.430       0.4859     2.94958     34.8337
   361.060     364.110       0.4858     2.94977     34.8358
   361.731     364.787       0.4863     2.94982     34.8355
   362.400     365.462       0.4860     2.94979     34.8351
   363.067     366.135       0.4836     2.94982     34.8378
   363.730     366.804       0.4822     2.94985     34.8394
   364.386     367.466       0.4831     2.94989     34.8386
   365.038     368.125       0.4835     2.94993     34.8382
   365.687     368.780       0.4826     2.94994     34.8389
   366.332     369.431       0.4828     2.94997     34.8388
   366.972     370.077       0.4831     2.94997     34.8381
   367.608     370.719       0.4835     2.94994     34.8368
   368.242     371.358       0.4820     2.94993     34.8380
   368.875     371.997       0.4825     2.94994     34.8371
   369.505     372.633       0.4832     2.94998     34.8365
   370.136     373.270       0.4837     2.95006     34.8366
   370.768     373.908       0.4839     2.95014     34.8370
   371.399     374.545       0.4827     2.95018     34.8385
   372.028     375.180       0.4814     2.95018     34.8396
   372.659     375.817       0.4802     2.95017     34.8405
   373.290     376.454       0.4795     2.95017     34.8409
   373.923     377.092       0.4795     2.95017     34.8406
   374.556     377.731       0.4790     2.95017     34.8407
   375.189     378.370       0.4797     2.95017     34.8396
   375.821     379.008       0.4804     2.95018     34.8385
   376.452     379.645       0.4787     2.95018     34.8400
   377.083     380.282       0.4784     2.95022     34.8405
   377.716     380.921       0.4780     2.95029     34.8415
   378.351     381.562       0.4789     2.95033     34.8407
   378.986     382.203       0.4781     2.95030     34.8407
   379.619     382.842       0.4776     2.95026     34.8404
   380.251     383.480       0.4774     2.95026     34.8402
   380.882     384.117       0.4771     2.95026     34.8402
   381.509     384.750       0.4757     2.95029     34.8419
   382.134     385.380       0.4757     2.95033     34.8420
   382.756     386.008       0.4756     2.95034     34.8418
   383.377     386.635       0.4746     2.95034     34.8425
   383.998     387.262       0.4732     2.95034     34.8438
   384.618     387.888       0.4737     2.95038     34.8433
   385.237     388.513       0.4734     2.95041     34.8437
   385.857     389.138       0.4724     2.95038     34.8440
   386.475     389.762       0.4731     2.95034     34.8425
   387.093     390.386       0.4731     2.95038     34.8426
   387.710     391.009       0.4721     2.95046     34.8443
   388.325     391.630       0.4717     2.95050     34.8450
   388.942     392.252       0.4731     2.95051     34.8431
   389.556     392.872       0.4720     2.95051     34.8440
   390.167     393.489       0.4716     2.95050     34.8441
   390.780     394.108       0.4725     2.95051     34.8427
   391.394     394.728       0.4708     2.95051     34.8443
   392.008     395.347       0.4708     2.95055     34.8444
   392.618     395.963       0.4725     2.95063     34.8433
   393.224     396.575       0.4707     2.95072     34.8461
   393.824     397.180       0.4727     2.95094     34.8463
   394.412     397.774       0.4787     2.95130     34.8440
   394.986     398.353       0.4791     2.95158     34.8468
   395.544     398.917       0.4782     2.95167     34.8486
   396.087     399.465       0.4789     2.95169     34.8478
   396.617     400.000       0.4817     2.95182     34.8461
   397.137     400.525       0.4870     2.95210     34.8435
   397.653     401.046       0.4874     2.95230     34.8453
   398.168     401.566       0.4855     2.95239     34.8483
   398.691     402.094       0.4853     2.95247     34.8493
   399.226     402.634       0.4864     2.95255     34.8488
   399.772     403.185       0.4857     2.95259     34.8497
   400.330     403.748       0.4849     2.95255     34.8498
   400.901     404.324       0.4866     2.95251     34.8470
   401.479     404.908       0.4835     2.95246     34.8494
   402.064     405.498       0.4809     2.95233     34.8503
   402.651     406.091       0.4799     2.95213     34.8485
   403.242     406.688       0.4762     2.95192     34.8496
   403.837     407.288       0.4743     2.95178     34.8495
   404.433     407.890       0.4695     2.95156     34.8518
   405.027     408.490       0.4666     2.95133     34.8516
   405.622     409.090       0.4665     2.95124     34.8502
   406.220     409.694       0.4655     2.95115     34.8498
   406.820     410.300       0.4641     2.95108     34.8501
   407.426     410.911       0.4636     2.95111     34.8506
   408.039     411.530       0.4619     2.95109     34.8520
   408.658     412.155       0.4594     2.95094     34.8524
   409.282     412.785       0.4575     2.95074     34.8517
   409.906     413.415       0.4573     2.95066     34.8504
   410.527     414.042       0.4575     2.95065     34.8497
   411.139     414.660       0.4563     2.95061     34.8501
   411.745     415.271       0.4545     2.95049     34.8502
   412.346     415.878       0.4531     2.95038     34.8500
   412.942     416.480       0.4529     2.95037     34.8498
   413.534     417.078       0.4525     2.95045     34.8508
   414.122     417.671       0.4521     2.95049     34.8515
   414.706     418.261       0.4509     2.95049     34.8525
   415.290     418.850       0.4509     2.95045     34.8516
   415.875     419.441       0.4517     2.95034     34.8490
   416.462     420.033       0.4490     2.95025     34.8505
   417.048     420.625       0.4488     2.95025     34.8504
   417.633     421.216       0.4490     2.95026     34.8499
   418.219     421.807       0.4478     2.95029     34.8513
   418.806     422.400       0.4476     2.95029     34.8511
   419.396     422.995       0.4478     2.95022     34.8497
   419.985     423.590       0.4466     2.95017     34.8501
   420.575     424.186       0.4454     2.95013     34.8505
   421.165     424.781       0.4442     2.95005     34.8505
   421.754     425.376       0.4416     2.95001     34.8525
   422.344     425.972       0.4397     2.95000     34.8541
   422.937     426.570       0.4406     2.94996     34.8522
   423.532     427.171       0.4394     2.94984     34.8517
   424.131     427.776       0.4387     2.94973     34.8506
   424.737     428.388       0.4373     2.94968     34.8512
   425.348     429.004       0.4351     2.94967     34.8532
   425.960     429.622       0.4337     2.94963     34.8539
   426.572     430.240       0.4315     2.94959     34.8555
   427.186     430.860       0.4320     2.94958     34.8545
   427.802     431.482       0.4322     2.94951     34.8529
   428.424     432.110       0.4315     2.94940     34.8519
   429.055     432.747       0.4301     2.94935     34.8524
   429.696     433.394       0.4274     2.94929     34.8543
   430.342     434.046       0.4262     2.94913     34.8533
   430.990     434.701       0.4241     2.94894     34.8527
   431.641     435.358       0.4205     2.94881     34.8546
   432.290     436.013       0.4188     2.94872     34.8550
   432.934     436.663       0.4200     2.94869     34.8528
   433.572     437.308       0.4202     2.94868     34.8522
   434.206     437.948       0.4185     2.94864     34.8532
   434.837     438.585       0.4166     2.94856     34.8539
   435.465     439.219       0.4159     2.94853     34.8538
   436.088     439.848       0.4159     2.94852     34.8534
   436.705     440.471       0.4149     2.94848     34.8536
   437.318     441.090       0.4130     2.94840     34.8543
   437.928     441.706       0.4109     2.94832     34.8553
   438.539     442.322       0.4082     2.94823     34.8569
   439.150     442.939       0.4075     2.94819     34.8567
   439.765     443.560       0.4080     2.94815     34.8553
   440.385     444.186       0.4077     2.94808     34.8543
   441.011     444.818       0.4068     2.94804     34.8544
   441.644     445.457       0.4070     2.94803     34.8537
   442.284     446.104       0.4053     2.94799     34.8547
   442.932     446.758       0.4029     2.94791     34.8560
   443.585     447.417       0.4025     2.94782     34.8549
   444.241     448.080       0.4029     2.94771     34.8526
   444.903     448.748       0.4005     2.94759     34.8533
   445.569     449.420       0.3981     2.94749     34.8544
   446.239     450.097       0.3947     2.94737     34.8561
   446.911     450.775       0.3918     2.94720     34.8569
   447.581     451.452       0.3909     2.94709     34.8560
   448.250     452.127       0.3894     2.94704     34.8566
   448.914     452.798       0.3889     2.94699     34.8562
   449.577     453.467       0.3868     2.94687     34.8566
   450.236     454.133       0.3856     2.94676     34.8560
   450.892     454.795       0.3865     2.94672     34.8541
   451.546     455.455       0.3853     2.94671     34.8550
   452.196     456.112       0.3836     2.94667     34.8560
   452.846     456.768       0.3827     2.94660     34.8556
   453.494     457.422       0.3824     2.94655     34.8550
   454.141     458.076       0.3810     2.94651     34.8556
   454.789     458.730       0.3805     2.94643     34.8548
   455.437     459.384       0.3779     2.94634     34.8562
   456.082     460.035       0.3750     2.94622     34.8575
   456.724     460.684       0.3745     2.94611     34.8561
   457.363     461.329       0.3738     2.94602     34.8554
   457.995     461.967       0.3728     2.94590     34.8546
   458.622     462.600       0.3714     2.94578     34.8543
   459.242     463.226       0.3700     2.94574     34.8549
   459.854     463.844       0.3688     2.94573     34.8558
   460.457     464.453       0.3692     2.94574     34.8550
   461.057     465.059       0.3678     2.94574     34.8563
   461.658     465.666       0.3678     2.94574     34.8559
   462.262     466.276       0.3673     2.94569     34.8556
   462.870     466.890       0.3661     2.94558     34.8550
   463.482     467.508       0.3640     2.94546     34.8555
   464.100     468.132       0.3618     2.94537     34.8564
   464.724     468.762       0.3613     2.94529     34.8556
   465.357     469.401       0.3606     2.94525     34.8555
   465.997     470.047       0.3601     2.94525     34.8556
   466.644     470.701       0.3589     2.94524     34.8565
   467.300     471.363       0.3577     2.94516     34.8564
   467.963     472.032       0.3556     2.94501     34.8563
   468.628     472.704       0.3534     2.94488     34.8567
   469.297     473.379       0.3515     2.94475     34.8568
   469.971     474.060       0.3500     2.94464     34.8566
   470.648     474.744       0.3512     2.94460     34.8544
   471.330     475.432       0.3498     2.94459     34.8554
   472.012     476.121       0.3493     2.94455     34.8550
   472.694     476.810       0.3467     2.94443     34.8560
   473.379     477.502       0.3443     2.94431     34.8567
   474.064     478.193       0.3440     2.94427     34.8561
   474.741     478.877       0.3431     2.94426     34.8566
   475.412     479.554       0.3424     2.94423     34.8565
   476.073     480.222       0.3407     2.94419     34.8576
   476.722     480.877       0.3404     2.94418     34.8575
   477.355     481.517       0.3395     2.94414     34.8576
   477.979     482.147       0.3392     2.94407     34.8566
   478.597     482.771       0.3378     2.94403     34.8573
   479.209     483.389       0.3378     2.94407     34.8574
   479.818     484.004       0.3373     2.94407     34.8576
   480.423     484.615       0.3366     2.94403     34.8576
   481.027     485.225       0.3361     2.94403     34.8577
   481.633     485.837       0.3354     2.94399     34.8577
   482.240     486.450       0.3364     2.94396     34.8558
   482.851     487.067       0.3364     2.94396     34.8554
   483.465     487.687       0.3352     2.94400     34.8569
   484.084     488.312       0.3356     2.94408     34.8571
   484.707     488.941       0.3337     2.94408     34.8589
   485.334     489.574       0.3340     2.94405     34.8578
   485.965     490.211       0.3359     2.94409     34.8558
   486.601     490.854       0.3352     2.94409     34.8562
   487.241     491.500       0.3335     2.94406     34.8573
   487.885     492.150       0.3347     2.94410     34.8561
   488.535     492.807       0.3351     2.94414     34.8558
   489.194     493.472       0.3343     2.94414     34.8563
   489.860     494.145       0.3335     2.94414     34.8568
   490.534     494.826       0.3330     2.94414     34.8570
   491.218     495.516       0.3325     2.94414     34.8572
   491.910     496.215       0.3323     2.94414     34.8570
   492.613     496.925       0.3325     2.94415     34.8564
   493.324     497.643       0.3323     2.94415     34.8562
   494.031     498.357       0.3325     2.94415     34.8556
   494.726     499.059       0.3308     2.94415     34.8571
   495.408     499.748       0.3298     2.94415     34.8578
   496.080     500.427       0.3310     2.94415     34.8561
   496.743     501.096       0.3298     2.94415     34.8571
   497.399     501.759       0.3279     2.94415     34.8588
   498.048     502.414       0.3288     2.94415     34.8574
   498.692     503.064       0.3276     2.94415     34.8584
   499.330     503.709       0.3279     2.94415     34.8577
   499.961     504.346       0.3288     2.94416     34.8564
   500.586     504.977       0.3276     2.94416     34.8573
   501.205     505.602       0.3269     2.94416     34.8578
   501.818     506.222       0.3274     2.94417     34.8569
   502.422     506.832       0.3286     2.94421     34.8558
   503.015     507.430       0.3279     2.94425     34.8567
   503.597     508.018       0.3257     2.94425     34.8589
   504.166     508.593       0.3267     2.94429     34.8579
   504.724     509.156       0.3281     2.94433     34.8566
   505.269     509.707       0.3281     2.94434     34.8563
   505.800     510.243       0.3280     2.94434     34.8561
   506.320     510.768       0.3266     2.94434     34.8574
   506.829     511.282       0.3249     2.94433     34.8589
   507.331     511.789       0.3251     2.94429     34.8579
   507.832     512.295       0.3244     2.94422     34.8574
   508.337     512.805       0.3244     2.94422     34.8572
   508.846     513.320       0.3234     2.94429     34.8589
   509.365     513.844       0.3230     2.94433     34.8595
   509.894     514.378       0.3239     2.94430     34.8578
   510.431     514.920       0.3227     2.94422     34.8578
   510.974     515.469       0.3215     2.94418     34.8583
   511.524     516.024       0.3213     2.94418     34.8582
   512.080     516.586       0.3215     2.94418     34.8576
   512.646     517.157       0.3213     2.94418     34.8575
   513.215     517.732       0.3215     2.94418     34.8570
   513.791     518.314       0.3202     2.94418     34.8581
   514.372     518.901       0.3200     2.94418     34.8580
   514.957     519.492       0.3202     2.94419     34.8575
   515.540     520.080       0.3200     2.94423     34.8579
   516.116     520.662       0.3202     2.94430     34.8584
   516.678     521.230       0.3195     2.94435     34.8593
   517.221     521.778       0.3200     2.94436     34.8586
   517.741     522.304       0.3202     2.94440     34.8586
   518.239     522.806       0.3200     2.94448     34.8595
   518.705     523.277       0.3202     2.94452     34.8596
   519.132     523.708       0.3200     2.94452     34.8596
   519.509     524.089       0.3217     2.94448     34.8569
   519.833     524.416       0.3226     2.94399     34.8493
   520.106     524.692       0.3214     2.94343     34.8432
   520.331     524.919       0.3207     2.94372     34.8476
   520.515     525.105       0.3207     2.94419     34.8537
   520.667     525.259       0.3207     2.94424     34.8542
   520.794     525.387       0.3207     2.94426     34.8544
   520.900     525.494       0.3207     2.94441     34.8563
   520.986     525.581       0.3201     2.94456     34.8589
   521.053     525.649       0.3204     2.94457     34.8587
   521.104     525.700       0.3213     2.94454     34.8572
   521.139     525.736       0.3206     2.94454     34.8579
   521.166     525.763       0.3206     2.94454     34.8579
   521.187     525.784       0.3206     2.94454     34.8579
   521.200     525.797       0.3211     2.94454     34.8574
   521.209     525.806       0.3213     2.94454     34.8572
