North Pole Environmental Observatory   ÑÑÑ   2001 Aerial CTD Survey
Cast 4         84deg 55.4' N _  67deg 23.4' W      4/10/2001 _ 1352 UTC

  Depth(m)  Pres(dbar)     Temp(degC)   Cond(S/m)    Sal(psu)
#
     1.112       1.124      -1.5564     2.41793     30.1319
     1.210       1.224      -1.5607     2.41815     30.1392
     1.408       1.423      -1.5692     2.41644     30.1243
     1.507       1.523      -1.5781     2.41287     30.0844
     1.605       1.623      -1.5853     2.40832     30.0294
     1.704       1.722      -1.5952     2.40269     29.9624
     1.901       1.922      -1.6097     2.39891     29.9252
     2.099       2.121      -1.6167     2.39797     29.9194
     2.395       2.421      -1.6223     2.39756     29.9191
     2.691       2.720      -1.6223     2.39718     29.9139
     2.987       3.019      -1.6228     2.39695     29.9110
     3.184       3.219      -1.6244     2.39682     29.9108
     3.481       3.518      -1.6236     2.39675     29.9088
     3.974       4.017      -1.6240     2.39672     29.9085
     4.270       4.316      -1.6227     2.39672     29.9070
     4.764       4.815      -1.6240     2.39672     29.9081
     5.060       5.114      -1.6223     2.39673     29.9063
     5.553       5.613      -1.6235     2.39674     29.9073
     5.849       5.913      -1.6242     2.39678     29.9084
     6.343       6.411      -1.6232     2.39685     29.9081
     6.738       6.811      -1.6237     2.39686     29.9085
     7.132       7.210      -1.6253     2.39683     29.9094
     7.527       7.609      -1.6243     2.39683     29.9082
     7.922       8.008      -1.6243     2.39680     29.9076
     8.415       8.507      -1.6241     2.39680     29.9072
     8.810       8.906      -1.6236     2.39688     29.9074
     9.304       9.405      -1.6247     2.39691     29.9088
     9.797       9.903      -1.6221     2.39693     29.9061
    10.291      10.402      -1.6232     2.39693     29.9069
    10.883      11.001      -1.6240     2.39693     29.9073
    11.376      11.500      -1.6232     2.39693     29.9063
    11.870      11.998      -1.6239     2.39693     29.9068
    12.363      12.497      -1.6237     2.39694     29.9064
    12.857      12.996      -1.6260     2.39698     29.9089
    13.350      13.495      -1.6241     2.39705     29.9078
    13.745      13.894      -1.6239     2.39710     29.9079
    14.337      14.493      -1.6231     2.39710     29.9069
    14.633      14.792      -1.6240     2.39710     29.9076
    15.127      15.291      -1.6240     2.39711     29.9074
    15.521      15.690      -1.6238     2.39715     29.9075
    15.818      15.989      -1.6233     2.39718     29.9073
    16.212      16.388      -1.6249     2.39715     29.9082
    16.706      16.887      -1.6237     2.39712     29.9063
    17.101      17.286      -1.6229     2.39712     29.9053
    17.397      17.586      -1.6237     2.39716     29.9065
    17.791      17.985      -1.6232     2.39723     29.9067
    18.186      18.384      -1.6252     2.39727     29.9090
    18.482      18.683      -1.6257     2.39727     29.9094
    18.778      18.982      -1.6233     2.39728     29.9069
    19.173      19.381      -1.6219     2.39729     29.9054
    19.568      19.780      -1.6239     2.39728     29.9071
    19.864      20.080      -1.6249     2.39728     29.9079
    20.259      20.479      -1.6249     2.39729     29.9078
    20.653      20.878      -1.6249     2.39733     29.9081
    21.147      21.377      -1.6246     2.39740     29.9085
    21.640      21.876      -1.6241     2.39745     29.9083
    21.936      22.175      -1.6258     2.39749     29.9104
    22.331      22.574      -1.6248     2.39756     29.9101
    22.726      22.973      -1.6249     2.39756     29.9101
    23.318      23.572      -1.6252     2.39754     29.9097
    23.713      23.971      -1.6229     2.39758     29.9077
    24.108      24.370      -1.6247     2.39765     29.9103
    24.601      24.869      -1.6245     2.39773     29.9109
    24.897      25.168      -1.6237     2.39781     29.9110
    25.391      25.667      -1.6251     2.39789     29.9132
    25.884      26.166      -1.6262     2.39797     29.9151
    26.279      26.565      -1.6239     2.39809     29.9143
    26.673      26.964      -1.6257     2.39824     29.9179
    27.068      27.363      -1.6255     2.39836     29.9191
    27.562      27.862      -1.6245     2.39848     29.9194
    27.956      28.261      -1.6250     2.39888     29.9252
    28.450      28.760      -1.6263     2.39970     29.9374
    28.943      29.258      -1.6250     2.40086     29.9516
    29.338      29.657      -1.6270     2.40246     29.9754
    29.733      30.057      -1.6281     2.40418     29.9997
    30.226      30.555      -1.6291     2.40551     30.0187
    30.818      31.154      -1.6296     2.40646     30.0318
    31.312      31.653      -1.6312     2.40705     30.0413
    31.706      32.052      -1.6302     2.40738     30.0445
    32.299      32.650      -1.6304     2.40779     30.0500
    32.693      33.050      -1.6315     2.40850     30.0606
    33.285      33.648      -1.6325     2.40920     30.0709
    33.779      34.147      -1.6324     2.40986     30.0795
    34.371      34.746      -1.6324     2.41068     30.0903
    34.766      35.145      -1.6322     2.41160     30.1026
    35.358      35.743      -1.6310     2.41247     30.1128
    35.851      36.242      -1.6302     2.41318     30.1215
    36.443      36.841      -1.6294     2.41383     30.1292
    37.035      37.439      -1.6297     2.41447     30.1380
    37.529      37.938      -1.6330     2.41527     30.1519
    38.022      38.437      -1.6313     2.41638     30.1651
    38.614      39.036      -1.6321     2.41783     30.1854
    39.108      39.534      -1.6309     2.41959     30.2081
    39.601      40.033      -1.6299     2.42124     30.2293
    40.193      40.632      -1.6291     2.42234     30.2432
    40.687      41.131      -1.6263     2.42322     30.2522
    41.279      41.729      -1.6256     2.42469     30.2711
    41.871      42.328      -1.6227     2.42678     30.2965
    42.364      42.827      -1.6222     2.42878     30.3231
    42.858      43.326      -1.6202     2.43065     30.3464
    43.351      43.824      -1.6192     2.43261     30.3718
    43.844      44.323      -1.6184     2.43484     30.4013
    44.436      44.922      -1.6151     2.43800     30.4409
    45.029      45.521      -1.6123     2.44183     30.4901
    45.423      45.920      -1.6069     2.44716     30.5573
    45.917      46.418      -1.5989     2.45403     30.6429
    46.410      46.917      -1.5927     2.45936     30.7092
    47.002      47.516      -1.5890     2.46503     30.7828
    47.397      47.915      -1.5794     2.47539     30.9146
    47.792      48.314      -1.5681     2.48833     31.0799
    48.384      48.913      -1.5552     2.49940     31.2178
    48.976      49.511      -1.5479     2.50751     31.3210
    49.469      50.010      -1.5451     2.51375     31.4033
    50.160      50.708      -1.5452     2.51870     31.4709
    50.850      51.407      -1.5460     2.52243     31.5226
    51.245      51.806      -1.5450     2.52501     31.5567
    51.837      52.405      -1.5448     2.52673     31.5797
    52.331      52.903      -1.5438     2.52822     31.5989
    52.923      53.502      -1.5433     2.52989     31.6209
    53.416      54.001      -1.5409     2.53189     31.6456
    53.909      54.500      -1.5388     2.53424     31.6753
    54.403      54.998      -1.5372     2.53688     31.7095
    54.995      55.597      -1.5352     2.53943     31.7420
    55.390      55.996      -1.5385     2.54147     31.7733
    55.883      56.495      -1.5354     2.54347     31.7972
    56.376      56.994      -1.5298     2.54541     31.8175
    56.968      57.592      -1.5262     2.54722     31.8382
    57.462      58.091      -1.5281     2.54933     31.8689
    57.856      58.490      -1.5334     2.55133     31.9018
    58.448      59.089      -1.5414     2.55297     31.9326
    58.942      59.588      -1.5482     2.55437     31.9589
    59.435      60.087      -1.5541     2.55559     31.9816
    60.027      60.685      -1.5592     2.55712     32.0078
    60.520      61.184      -1.5610     2.55902     32.0355
    61.113      61.783      -1.5612     2.56069     32.0584
    61.606      62.282      -1.5630     2.56202     32.0784
    62.297      62.980      -1.5675     2.56333     32.1008
    62.889      63.578      -1.5705     2.56485     32.1246
    63.481      64.177      -1.5701     2.56684     32.1511
    64.073      64.776      -1.5630     2.56943     32.1788
    64.763      65.474      -1.5602     2.57171     32.2067
    65.553      66.272      -1.5733     2.57321     32.2411
    66.243      66.971      -1.5798     2.57502     32.2726
    66.737      67.469      -1.5751     2.57732     32.2989
    67.526      68.268      -1.5729     2.57899     32.3191
    68.118      68.866      -1.5797     2.58019     32.3426
    68.907      69.664      -1.5809     2.58161     32.3629
    69.598      70.363      -1.5855     2.58248     32.3796
    70.387      71.161      -1.6085     2.58187     32.3957
    70.979      71.759      -1.6453     2.58043     32.4156
    71.670      72.458      -1.6671     2.57989     32.4315
    72.459      73.256      -1.6765     2.58068     32.4522
    73.051      73.855      -1.6807     2.58220     32.4774
    73.841      74.653      -1.6828     2.58389     32.5027
    74.531      75.351      -1.6846     2.58540     32.5250
    75.222      76.049      -1.6891     2.58668     32.5472
    76.011      76.848      -1.6931     2.58796     32.5688
    76.603      77.446      -1.6979     2.58936     32.5931
    77.294      78.145      -1.6996     2.59078     32.6143
    77.886      78.743      -1.7026     2.59221     32.6370
    78.576      79.442      -1.7033     2.59371     32.6580
    79.267      80.140      -1.6988     2.59557     32.6784
    79.760      80.639      -1.6861     2.59735     32.6888
    80.451      81.337      -1.6915     2.59837     32.7085
    81.043      81.936      -1.6919     2.59941     32.7229
    81.536      82.435      -1.6981     2.60083     32.7491
    82.128      83.033      -1.6973     2.60322     32.7809
    82.622      83.532      -1.6851     2.60631     32.8100
    83.115      84.031      -1.6796     2.60856     32.8347
    83.608      84.530      -1.6902     2.60979     32.8631
    84.200      85.128      -1.6993     2.61072     32.8857
    84.792      85.727      -1.7021     2.61170     32.9021
    85.384      86.325      -1.7002     2.61314     32.9195
    85.877      86.824      -1.6880     2.61543     32.9375
    86.469      87.423      -1.6699     2.61766     32.9479
    87.160      88.121      -1.6750     2.61846     32.9641
    87.752      88.720      -1.6844     2.61873     32.9779
    88.245      89.219      -1.6827     2.61976     32.9900
    89.034      90.017      -1.6735     2.62155     33.0041
    89.528      90.516      -1.6613     2.62364     33.0192
    90.218      91.214      -1.6531     2.62541     33.0341
    90.810      91.813      -1.6503     2.62663     33.0475
    91.402      92.411      -1.6495     2.62764     33.0603
    92.093      93.110      -1.6460     2.62876     33.0714
    92.685      93.708      -1.6415     2.63000     33.0832
    93.277      94.307      -1.6340     2.63149     33.0950
    93.967      95.005      -1.6307     2.63295     33.1112
    94.460      95.504      -1.6316     2.63409     33.1277
    95.250      96.302      -1.6266     2.63537     33.1392
    95.743      96.801      -1.6214     2.63677     33.1526
    96.335      97.400      -1.6196     2.63808     33.1684
    96.828      97.899      -1.6191     2.63947     33.1867
    97.420      98.497      -1.6172     2.64069     33.2010
    97.913      98.996      -1.6177     2.64170     33.2153
    98.407      99.495      -1.6197     2.64279     33.2323
    98.900      99.994      -1.6201     2.64396     33.2486
    99.393     100.492      -1.6176     2.64513     33.2618
    99.886     100.991      -1.6140     2.64624     33.2727
   100.380     101.490      -1.6110     2.64722     33.2826
   100.873     101.989      -1.6086     2.64838     33.2956
   101.465     102.588      -1.6017     2.64983     33.3077
   102.057     103.186      -1.5964     2.65113     33.3193
   102.550     103.685      -1.5930     2.65209     33.3285
   103.142     104.284      -1.5910     2.65289     33.3370
   103.734     104.882      -1.5898     2.65367     33.3460
   104.227     105.381      -1.5882     2.65474     33.3586
   104.819     105.980      -1.5850     2.65609     33.3734
   105.411     106.578      -1.5819     2.65739     33.3875
   106.003     107.177      -1.5802     2.65855     33.4014
   106.792     107.975      -1.5840     2.65973     33.4214
   107.384     108.574      -1.5838     2.66100     33.4383
   107.976     109.172      -1.5811     2.66237     33.4538
   108.567     109.771      -1.5731     2.66372     33.4632
   109.061     110.270      -1.5661     2.66499     33.4726
   109.751     110.968      -1.5613     2.66618     33.4832
   110.343     111.567      -1.5667     2.66691     33.4990
   110.738     111.966      -1.5761     2.66687     33.5088
   111.428     112.664      -1.5908     2.66632     33.5173
   111.921     113.163      -1.6058     2.66597     33.5290
   112.612     113.861      -1.6061     2.66691     33.5420
   113.204     114.460      -1.5912     2.66882     33.5512
   113.796     115.058      -1.5889     2.66995     33.5639
   114.388     115.657      -1.5919     2.67023     33.5708
   114.979     116.256      -1.6020     2.66979     33.5757
   115.374     116.655      -1.6247     2.66907     33.5910
   116.163     117.453      -1.6277     2.66959     33.6012
   116.656     117.952      -1.6197     2.67109     33.6126
   117.248     118.550      -1.6122     2.67266     33.6256
   117.840     119.149      -1.6056     2.67376     33.6329
   118.432     119.748      -1.6121     2.67375     33.6398
   119.024     120.346      -1.6271     2.67310     33.6474
   119.517     120.845      -1.6428     2.67265     33.6585
   120.208     121.543      -1.6451     2.67288     33.6639
   120.701     122.042      -1.6418     2.67369     33.6712
   121.194     122.541      -1.6306     2.67527     33.6800
   121.786     123.140      -1.6021     2.67808     33.6862
   122.279     123.638      -1.5754     2.68112     33.6978
   122.772     124.137      -1.5585     2.68350     33.7113
   123.167     124.536      -1.5393     2.68582     33.7214
   123.857     125.235      -1.5182     2.68837     33.7323
   124.449     125.833      -1.4983     2.69069     33.7415
   125.041     126.432      -1.4847     2.69241     33.7494
   125.633     127.031      -1.4783     2.69354     33.7575
   126.225     127.629      -1.4753     2.69442     33.7659
   126.816     128.228      -1.4724     2.69556     33.7780
   127.310     128.727      -1.4591     2.69778     33.7932
   127.704     129.126      -1.4294     2.70102     33.8039
   128.197     129.624      -1.3997     2.70408     33.8121
   128.789     130.223      -1.3765     2.70668     33.8213
   129.381     130.822      -1.3562     2.70851     33.8232
   129.874     131.321      -1.3634     2.70875     33.8343
   130.269     131.720      -1.3731     2.70863     33.8433
   130.762     132.218      -1.3706     2.70922     33.8483
   131.058     132.518      -1.3707     2.70955     33.8528
   131.551     133.017      -1.3857     2.70915     33.8640
   132.044     133.515      -1.3983     2.70892     33.8748
   132.439     133.914      -1.4051     2.70929     33.8873
   133.031     134.513      -1.4099     2.70992     33.9012
   133.524     135.012      -1.4094     2.71072     33.9113
   134.116     135.611      -1.4029     2.71189     33.9196
   134.806     136.309      -1.3982     2.71317     33.9315
   135.595     137.107      -1.3932     2.71436     33.9417
   136.285     137.805      -1.3870     2.71553     33.9504
   136.976     138.504      -1.3778     2.71695     33.9590
   137.568     139.102      -1.3652     2.71879     33.9696
   138.258     139.801      -1.3530     2.72074     33.9822
   139.047     140.599      -1.3381     2.72289     33.9943
   139.639     141.197      -1.3184     2.72559     34.0087
   140.231     141.796      -1.2957     2.72839     34.0210
   140.921     142.494      -1.2776     2.73059     34.0302
   141.513     143.093      -1.2645     2.73256     34.0420
   142.105     143.692      -1.2455     2.73502     34.0537
   142.697     144.290      -1.2271     2.73744     34.0657
   143.387     144.989      -1.2156     2.73908     34.0747
   143.979     145.587      -1.2103     2.74012     34.0826
   144.571     146.186      -1.2052     2.74124     34.0917
   145.162     146.784      -1.1918     2.74299     34.1000
   145.853     147.483      -1.1732     2.74505     34.1068
   146.346     147.982      -1.1580     2.74702     34.1160
   147.036     148.680      -1.1406     2.74907     34.1240
   147.727     149.378      -1.1306     2.75076     34.1353
   148.318     149.977      -1.1152     2.75213     34.1360
   148.910     150.576      -1.1075     2.75357     34.1466
   149.601     151.274      -1.0961     2.75503     34.1532
   150.192     151.873      -1.0814     2.75656     34.1570
   150.883     152.571      -1.0693     2.75797     34.1621
   151.474     153.169      -1.0577     2.75957     34.1704
   152.165     153.868      -1.0388     2.76153     34.1752
   152.658     154.367      -1.0296     2.76287     34.1827
   153.250     154.965      -1.0223     2.76400     34.1894
   153.842     155.564      -1.0021     2.76635     34.1982
   154.433     156.162      -0.9735     2.76928     34.2052
   155.025     156.761      -0.9570     2.77136     34.2144
   155.617     157.360      -0.9449     2.77282     34.2201
   156.209     157.958      -0.9347     2.77407     34.2252
   156.800     158.557      -0.9206     2.77544     34.2274
   157.491     159.255      -0.9057     2.77717     34.2336
   158.082     159.854      -0.8923     2.77879     34.2400
   158.674     160.452      -0.8811     2.77996     34.2428
   159.167     160.951      -0.8716     2.78099     34.2457
   159.660     161.450      -0.8607     2.78239     34.2520
   160.351     162.149      -0.8473     2.78401     34.2584
   160.942     162.747      -0.8322     2.78553     34.2615
   161.436     163.246      -0.8206     2.78710     34.2694
   162.027     163.845      -0.8046     2.78874     34.2731
   162.619     164.443      -0.7900     2.79023     34.2763
   163.211     165.042      -0.7782     2.79145     34.2790
   163.802     165.640      -0.7705     2.79236     34.2823
   164.394     166.239      -0.7627     2.79355     34.2892
   164.986     166.838      -0.7472     2.79520     34.2935
   165.479     167.336      -0.7356     2.79643     34.2967
   166.071     167.935      -0.7295     2.79696     34.2966
   166.761     168.633      -0.7249     2.79784     34.3028
   167.155     169.032      -0.7117     2.79937     34.3084
   167.747     169.631      -0.7025     2.80041     34.3115
   168.339     170.230      -0.6975     2.80109     34.3147
   168.832     170.728      -0.6892     2.80238     34.3224
   169.424     171.327      -0.6731     2.80388     34.3240
   170.114     172.025      -0.6668     2.80479     34.3287
   170.607     172.524      -0.6631     2.80526     34.3307
   171.199     173.123      -0.6562     2.80623     34.3355
   171.692     173.622      -0.6407     2.80794     34.3407
   172.185     174.121      -0.6291     2.80931     34.3457
   172.777     174.719      -0.6238     2.80990     34.3472
   173.368     175.318      -0.6226     2.81049     34.3535
   173.861     175.817      -0.6121     2.81175     34.3583
   174.453     176.415      -0.6010     2.81322     34.3652
   174.946     176.914      -0.5898     2.81430     34.3667
   175.341     177.313      -0.5799     2.81512     34.3662
   176.031     178.011      -0.5753     2.81593     34.3716
   176.524     178.510      -0.5697     2.81677     34.3763
   177.116     179.109      -0.5611     2.81752     34.3763
   177.609     179.608      -0.5558     2.81819     34.3788
   178.102     180.107      -0.5506     2.81913     34.3853
   178.694     180.705      -0.5383     2.82043     34.3885
   179.187     181.204      -0.5282     2.82165     34.3932
   179.778     181.803      -0.5183     2.82278     34.3968
   180.370     182.401      -0.5065     2.82403     34.3998
   180.764     182.800      -0.4975     2.82522     34.4054
   181.356     183.399      -0.4868     2.82608     34.4045
   181.948     183.997      -0.4843     2.82656     34.4077
   182.441     184.496      -0.4813     2.82684     34.4078
   182.934     184.995      -0.4795     2.82709     34.4089
   183.525     185.594      -0.4746     2.82767     34.4107
   184.019     186.093      -0.4672     2.82883     34.4176
   184.610     186.691      -0.4548     2.83012     34.4204
   185.399     187.489      -0.4471     2.83122     34.4261
   185.991     188.088      -0.4368     2.83258     34.4323
   186.681     188.786      -0.4264     2.83398     34.4389
   187.273     189.385      -0.4159     2.83519     34.4427
   188.062     190.183      -0.4052     2.83636     34.4458
   188.850     190.981      -0.3986     2.83733     34.4510
   189.541     191.679      -0.3926     2.83811     34.4541
   190.329     192.478      -0.3855     2.83894     34.4568
   191.020     193.176      -0.3774     2.83996     34.4608
   191.809     193.974      -0.3688     2.84114     34.4664
   192.400     194.573      -0.3590     2.84238     34.4715
   193.189     195.371      -0.3507     2.84347     34.4762
   193.978     196.169      -0.3424     2.84431     34.4777
   194.767     196.967      -0.3373     2.84507     34.4815
   195.457     197.665      -0.3302     2.84591     34.4842
   196.246     198.464      -0.3222     2.84689     34.4879
   196.936     199.162      -0.3136     2.84804     34.4930
   197.528     199.761      -0.3029     2.84934     34.4980
   198.317     200.559      -0.2904     2.85082     34.5031
   199.007     201.257      -0.2791     2.85223     34.5087
   199.796     202.055      -0.2700     2.85332     34.5125
   200.486     202.754      -0.2656     2.85399     34.5161
   201.275     203.552      -0.2617     2.85441     34.5168
   201.965     204.250      -0.2564     2.85492     34.5170
   202.655     204.948      -0.2527     2.85545     34.5196
   203.345     205.647      -0.2485     2.85596     34.5212
   203.937     206.245      -0.2456     2.85650     34.5248
   204.726     207.043      -0.2394     2.85712     34.5255
   205.416     207.742      -0.2311     2.85801     34.5276
   206.106     208.440      -0.2224     2.85908     34.5316
   206.796     209.139      -0.2160     2.85990     34.5349
   207.585     209.937      -0.2118     2.86052     34.5379
   208.275     210.635      -0.2082     2.86120     34.5424
   208.867     211.234      -0.1992     2.86212     34.5441
   209.458     211.832      -0.1922     2.86300     34.5475
   210.247     212.630      -0.1895     2.86356     34.5515
   210.839     213.229      -0.1847     2.86401     34.5518
   211.529     213.927      -0.1794     2.86456     34.5527
   212.219     214.626      -0.1755     2.86521     34.5565
   212.909     215.324      -0.1704     2.86583     34.5585
   213.501     215.923      -0.1672     2.86634     34.5613
   214.191     216.621      -0.1615     2.86682     34.5608
   214.980     217.419      -0.1596     2.86728     34.5644
   215.670     218.118      -0.1552     2.86776     34.5654
   216.163     218.616      -0.1507     2.86836     34.5679
   216.952     219.414      -0.1419     2.86918     34.5684
   217.543     220.013      -0.1357     2.87006     34.5728
   218.233     220.711      -0.1314     2.87078     34.5770
   218.924     221.410      -0.1241     2.87140     34.5765
   219.515     222.008      -0.1197     2.87214     34.5810
   220.205     222.707      -0.1153     2.87295     34.5865
   220.895     223.405      -0.1080     2.87375     34.5884
   221.586     224.103      -0.1029     2.87454     34.5928
   222.177     224.702      -0.0956     2.87545     34.5962
   222.769     225.301      -0.0862     2.87644     34.5984
   223.557     226.099      -0.0780     2.87715     34.5981
   224.149     226.697      -0.0770     2.87749     34.6011
   224.839     227.396      -0.0728     2.87782     34.6002
   225.431     227.994      -0.0708     2.87821     34.6028
   226.121     228.693      -0.0683     2.87876     34.6069
   226.811     229.391      -0.0601     2.87953     34.6074
   227.501     230.089      -0.0522     2.88023     34.6073
   228.191     230.788      -0.0497     2.88071     34.6105
   228.684     231.287      -0.0465     2.88114     34.6123
   229.374     231.985      -0.0439     2.88157     34.6147
   230.163     232.783      -0.0407     2.88204     34.6168
   230.853     233.482      -0.0378     2.88254     34.6196
   231.346     233.980      -0.0330     2.88296     34.6195
   231.937     234.579      -0.0302     2.88351     34.6233
   232.628     235.277      -0.0215     2.88432     34.6238
   233.318     235.976      -0.0142     2.88511     34.6256
   233.909     236.574      -0.0061     2.88587     34.6261
   234.402     237.073      -0.0025     2.88652     34.6304
   234.796     237.472       0.0010     2.88693     34.6316
   235.388     238.071       0.0015     2.88726     34.6351
   235.881     238.570       0.0083     2.88779     34.6341
   236.472     239.168       0.0136     2.88827     34.6342
   236.867     239.567       0.0122     2.88841     34.6372
   237.557     240.266       0.0106     2.88846     34.6393
   238.050     240.764       0.0121     2.88869     34.6404
   238.543     241.263       0.0150     2.88907     34.6419
   239.134     241.862       0.0203     2.88954     34.6417
   239.726     242.460       0.0242     2.88998     34.6427
   240.317     243.059       0.0293     2.89044     34.6428
   240.810     243.558       0.0311     2.89086     34.6459
   241.303     244.057       0.0316     2.89107     34.6479
   241.894     244.655       0.0343     2.89129     34.6474
   242.486     245.254       0.0391     2.89180     34.6484
   242.979     245.753       0.0451     2.89252     34.6509
   243.570     246.351       0.0515     2.89314     34.6515
   244.162     246.950       0.0553     2.89351     34.6517
   244.655     247.449       0.0563     2.89376     34.6536
   245.246     248.047       0.0572     2.89406     34.6562
   245.739     248.546       0.0609     2.89438     34.6558
   246.331     249.145       0.0614     2.89462     34.6582
   247.021     249.843       0.0637     2.89498     34.6599
   247.415     250.242       0.0664     2.89552     34.6638
   248.006     250.841       0.0715     2.89614     34.6658
   248.598     251.439       0.0775     2.89670     34.6661
   249.189     252.038       0.0803     2.89718     34.6689
   249.682     252.537       0.0852     2.89764     34.6692
   250.372     253.235       0.0901     2.89808     34.6690
   250.865     253.734       0.0943     2.89850     34.6696
   251.457     254.333       0.0960     2.89889     34.6725
   252.048     254.931       0.0989     2.89928     34.6740
   252.640     255.530       0.1005     2.89971     34.6775
   253.231     256.128       0.1042     2.90019     34.6792
   253.822     256.727       0.1089     2.90070     34.6803
   254.414     257.326       0.1142     2.90121     34.6807
   255.104     258.024       0.1172     2.90161     34.6822
   255.695     258.623       0.1183     2.90202     34.6860
   256.385     259.321       0.1217     2.90260     34.6894
   257.075     260.019       0.1318     2.90323     34.6858
   257.864     260.817       0.1332     2.90370     34.6900
   258.456     261.416       0.1388     2.90410     34.6887
   259.146     262.114       0.1405     2.90446     34.6910
   259.836     262.813       0.1432     2.90479     34.6919
   260.526     263.511       0.1446     2.90523     34.6957
   261.216     264.209       0.1510     2.90585     34.6963
   261.807     264.808       0.1564     2.90656     34.6992
   262.497     265.506       0.1646     2.90731     34.6994
   263.187     266.205       0.1688     2.90793     34.7025
   263.778     266.803       0.1717     2.90835     34.7043
   264.468     267.502       0.1774     2.90876     34.7028
   265.060     268.100       0.1825     2.90923     34.7030
   265.750     268.799       0.1854     2.90979     34.7067
   266.341     269.397       0.1916     2.91050     34.7087
   266.933     269.996       0.1993     2.91128     34.7099
   267.623     270.694       0.2057     2.91199     34.7116
   268.214     271.293       0.2100     2.91252     34.7133
   268.805     271.891       0.2136     2.91300     34.7153
   269.495     272.590       0.2184     2.91355     34.7167
   270.087     273.188       0.2241     2.91411     34.7173
   270.875     273.986       0.2296     2.91474     34.7189
   271.467     274.585       0.2341     2.91537     34.7218
   272.157     275.283       0.2392     2.91601     34.7241
   272.650     275.782       0.2460     2.91677     34.7260
   273.241     276.381       0.2537     2.91760     34.7279
   273.832     276.979       0.2637     2.91846     34.7276
   274.424     277.578       0.2683     2.91912     34.7308
   275.015     278.177       0.2728     2.91959     34.7314
   275.508     278.675       0.2779     2.92010     34.7322
   276.198     279.374       0.2842     2.92072     34.7328
   276.789     279.972       0.2881     2.92127     34.7352
   277.282     280.471       0.2897     2.92170     34.7388
   278.071     281.269       0.2935     2.92210     34.7393
   278.662     281.868       0.2983     2.92253     34.7393
   279.155     282.367       0.3006     2.92296     34.7420
   279.746     282.965       0.3068     2.92337     34.7400
   280.436     283.664       0.3097     2.92384     34.7425
   281.126     284.362       0.3120     2.92438     34.7465
   281.718     284.961       0.3179     2.92489     34.7462
   282.309     285.559       0.3204     2.92532     34.7487
   282.999     286.258       0.3236     2.92569     34.7495
   283.590     286.856       0.3263     2.92609     34.7514
   284.280     287.555       0.3311     2.92667     34.7533
   284.970     288.253       0.3371     2.92733     34.7547
   285.561     288.852       0.3436     2.92789     34.7543
   286.153     289.450       0.3489     2.92833     34.7538
   286.744     290.049       0.3518     2.92868     34.7548
   287.336     290.647       0.3532     2.92896     34.7565
   288.124     291.445       0.3548     2.92923     34.7578
   288.715     292.044       0.3543     2.92949     34.7614
   289.307     292.643       0.3568     2.92974     34.7615
   289.997     293.341       0.3600     2.93005     34.7616
   290.687     294.039       0.3625     2.93040     34.7629
   291.278     294.638       0.3661     2.93077     34.7633
   291.771     295.137       0.3705     2.93124     34.7642
   292.263     295.636       0.3739     2.93173     34.7665
   292.855     296.234       0.3771     2.93205     34.7667
   293.446     296.833       0.3794     2.93222     34.7661
   293.840     297.232       0.3816     2.93246     34.7665
   294.432     297.830       0.3836     2.93276     34.7678
   294.924     298.329       0.3848     2.93303     34.7698
   295.417     298.828       0.3866     2.93327     34.7705
   296.009     299.427       0.3903     2.93351     34.7691
   296.501     299.926       0.3905     2.93370     34.7711
   297.191     300.624       0.3919     2.93382     34.7707
   297.684     301.123       0.3935     2.93391     34.7697
   298.177     301.622       0.3933     2.93406     34.7716
   298.867     302.320       0.3960     2.93429     34.7712
   299.359     302.819       0.3969     2.93452     34.7729
   299.951     303.417       0.4007     2.93476     34.7715
   300.444     303.916       0.4017     2.93500     34.7732
   301.133     304.615       0.4022     2.93527     34.7757
   301.626     305.113       0.4047     2.93555     34.7763
   302.217     305.712       0.4083     2.93583     34.7755
   302.809     306.311       0.4119     2.93614     34.7752
   303.302     306.809       0.4121     2.93637     34.7777
   303.794     307.308       0.4136     2.93654     34.7779
   304.287     307.807       0.4156     2.93670     34.7775
   304.780     308.306       0.4163     2.93689     34.7789
   305.273     308.805       0.4161     2.93708     34.7812
   305.864     309.403       0.4190     2.93721     34.7794
   306.357     309.902       0.4199     2.93742     34.7807
   306.948     310.501       0.4208     2.93775     34.7838
   307.441     311.000       0.4245     2.93807     34.7835
   308.032     311.598       0.4259     2.93836     34.7853
   308.623     312.197       0.4308     2.93867     34.7835
   309.116     312.696       0.4299     2.93886     34.7867
   309.806     313.394       0.4338     2.93900     34.7837
   310.397     313.992       0.4349     2.93919     34.7846
   310.890     314.491       0.4357     2.93934     34.7854
   311.580     315.190       0.4350     2.93943     34.7870
   312.171     315.788       0.4361     2.93964     34.7881
   312.664     316.287       0.4379     2.94002     34.7907
   313.354     316.985       0.4423     2.94044     34.7909
   313.945     317.584       0.4452     2.94072     34.7909
   314.536     318.183       0.4466     2.94085     34.7908
   315.226     318.881       0.4491     2.94098     34.7892
   315.916     319.579       0.4514     2.94114     34.7883
   316.409     320.078       0.4500     2.94133     34.7920
   317.098     320.777       0.4520     2.94152     34.7918
   317.690     321.375       0.4528     2.94161     34.7917
   318.281     321.974       0.4519     2.94173     34.7940
   318.774     322.473       0.4526     2.94196     34.7959
   319.365     323.071       0.4562     2.94225     34.7952
   319.956     323.670       0.4603     2.94259     34.7948
   320.547     324.268       0.4619     2.94288     34.7964
   321.237     324.967       0.4617     2.94316     34.7999
   321.828     325.565       0.4655     2.94351     34.7998
   322.518     326.264       0.4693     2.94372     34.7978
   323.011     326.762       0.4716     2.94379     34.7959
   323.504     327.261       0.4696     2.94387     34.7989
   324.193     327.960       0.4721     2.94404     34.7979
   324.686     328.458       0.4717     2.94430     34.8015
   325.179     328.957       0.4737     2.94457     34.8024
   325.770     329.556       0.4747     2.94469     34.8025
   326.361     330.154       0.4747     2.94470     34.8023
   326.953     330.753       0.4754     2.94475     34.8018
   327.544     331.352       0.4781     2.94487     34.8000
   328.135     331.950       0.4783     2.94505     34.8018
   328.726     332.549       0.4794     2.94521     34.8022
   329.120     332.948       0.4806     2.94530     34.8019
   329.613     333.447       0.4815     2.94545     34.8026
   330.106     333.946       0.4814     2.94563     34.8047
   330.697     334.544       0.4809     2.94571     34.8060
   331.091     334.943       0.4823     2.94572     34.8043
   331.781     335.642       0.4809     2.94572     34.8054
   332.175     336.041       0.4827     2.94573     34.8032
   332.471     336.340       0.4830     2.94577     34.8032
   332.865     336.739       0.4839     2.94584     34.8030
   333.358     337.238       0.4839     2.94593     34.8038
   333.850     337.737       0.4837     2.94608     34.8057
   334.146     338.036       0.4839     2.94627     34.8078
   334.540     338.435       0.4887     2.94645     34.8045
   335.131     339.034       0.4898     2.94664     34.8054
   335.525     339.433       0.4906     2.94683     34.8068
   336.018     339.931       0.4899     2.94695     34.8088
   336.609     340.530       0.4915     2.94704     34.8078
   337.201     341.129       0.4938     2.94716     34.8064
   337.792     341.727       0.4920     2.94727     34.8095
   338.580     342.525       0.4927     2.94731     34.8088
   339.171     343.124       0.4949     2.94732     34.8062
   339.861     343.822       0.4936     2.94736     34.8077
   340.551     344.521       0.4952     2.94748     34.8071
   341.339     345.319       0.4945     2.94763     34.8093
   341.930     345.917       0.4952     2.94774     34.8097
   342.521     346.516       0.4948     2.94779     34.8104
   343.310     347.314       0.4964     2.94784     34.8087
   343.901     347.913       0.4953     2.94795     34.8110
   344.591     348.611       0.4948     2.94806     34.8126
   345.379     349.409       0.4966     2.94812     34.8109
   346.069     350.107       0.4971     2.94820     34.8110
   346.857     350.906       0.4987     2.94839     34.8112
   347.546     351.604       0.4976     2.94854     34.8140
   348.236     352.302       0.4969     2.94862     34.8155
   348.926     353.001       0.4985     2.94870     34.8143
   349.616     353.699       0.5012     2.94875     34.8115
   350.404     354.497       0.5013     2.94880     34.8115
   351.094     355.196       0.5011     2.94887     34.8122
   351.882     355.994       0.5002     2.94891     34.8133
   352.670     356.792       0.5000     2.94896     34.8136
   353.360     357.490       0.4990     2.94906     34.8157
   354.148     358.288       0.4993     2.94914     34.8159
   354.838     358.987       0.5000     2.94915     34.8149
   355.527     359.685       0.4993     2.94919     34.8158
   356.217     360.383       0.4998     2.94927     34.8158
   356.808     360.982       0.4985     2.94934     34.8179
   358.089     362.279       0.5005     2.94939     34.8155
   358.779     362.977       0.5014     2.94944     34.8147
   359.567     363.775       0.5010     2.94951     34.8156
   360.256     364.474       0.4994     2.94959     34.8180
   360.848     365.072       0.5005     2.94967     34.8175
   361.636     365.870       0.5015     2.94971     34.8165
   362.424     366.668       0.5015     2.94976     34.8166
   363.114     367.367       0.5017     2.94984     34.8169
   363.803     368.065       0.5024     2.94992     34.8169
   364.493     368.764       0.5017     2.95003     34.8187
   365.183     369.462       0.5027     2.95015     34.8187
   365.872     370.160       0.5027     2.95019     34.8188
   366.562     370.859       0.5027     2.95020     34.8185
   367.252     371.557       0.5027     2.95024     34.8186
   367.941     372.255       0.5025     2.95032     34.8194
   368.828     373.153       0.5018     2.95036     34.8202
   369.419     373.752       0.5023     2.95036     34.8193
   370.207     374.550       0.5005     2.95036     34.8209
   370.995     375.348       0.5007     2.95040     34.8207
   371.586     375.947       0.5017     2.95048     34.8203
   372.375     376.745       0.5012     2.95052     34.8209
   372.966     377.343       0.4999     2.95052     34.8220
   373.754     378.141       0.5015     2.95057     34.8204
   374.443     378.840       0.5004     2.95064     34.8221
   375.232     379.638       0.4999     2.95069     34.8228
   375.921     380.336       0.5015     2.95073     34.8212
   376.611     381.035       0.5002     2.95080     34.8232
   377.300     381.733       0.4986     2.95084     34.8250
   377.990     382.431       0.5000     2.95085     34.8232
   378.680     383.130       0.5013     2.95086     34.8214
   379.271     383.728       0.4995     2.95085     34.8230
   380.059     384.526       0.5000     2.95085     34.8220
   380.748     385.225       0.5009     2.95086     34.8206
   381.537     386.023       0.4973     2.95086     34.8242
   382.128     386.621       0.4975     2.95090     34.8241
   382.817     387.320       0.4983     2.95097     34.8238
   383.507     388.018       0.4972     2.95101     34.8251
   384.196     388.716       0.4964     2.95098     34.8251
   384.886     389.415       0.4972     2.95092     34.8230
   385.379     389.914       0.4967     2.95095     34.8238
   386.068     390.612       0.4978     2.95106     34.8235
   386.758     391.310       0.4954     2.95110     34.8263
   387.546     392.108       0.4963     2.95110     34.8249
   388.137     392.707       0.4961     2.95107     34.8244
   388.826     393.405       0.4952     2.95108     34.8250
   389.516     394.104       0.4950     2.95114     34.8257
   390.107     394.702       0.4939     2.95114     34.8266
   390.895     395.500       0.4930     2.95108     34.8263
   391.585     396.199       0.4928     2.95108     34.8262
   392.176     396.797       0.4921     2.95115     34.8275
   392.865     397.496       0.4926     2.95119     34.8271
   393.653     398.294       0.4913     2.95120     34.8281
   394.343     398.992       0.4931     2.95120     34.8257
   395.032     399.691       0.4926     2.95117     34.8254
   395.820     400.489       0.4908     2.95113     34.8265
   396.313     400.988       0.4906     2.95117     34.8269
   397.200     401.885       0.4897     2.95120     34.8278
   397.889     402.584       0.4897     2.95117     34.8270
   398.382     403.083       0.4893     2.95110     34.8262
   399.071     403.781       0.4870     2.95106     34.8279
   399.761     404.479       0.4855     2.95109     34.8296
   400.549     405.277       0.4871     2.95117     34.8284
   401.238     405.976       0.4886     2.95122     34.8269
   401.928     406.674       0.4889     2.95123     34.8262
   402.519     407.273       0.4853     2.95122     34.8298
   403.307     408.071       0.4853     2.95122     34.8294
   403.898     408.669       0.4851     2.95123     34.8293
   404.489     409.268       0.4841     2.95123     34.8301
   405.277     410.066       0.4841     2.95123     34.8297
   405.868     410.665       0.4839     2.95123     34.8296
   406.656     411.463       0.4832     2.95120     34.8294
   407.247     412.061       0.4837     2.95117     34.8281
   407.936     412.760       0.4819     2.95120     34.8301
   408.527     413.358       0.4819     2.95120     34.8298
   409.118     413.957       0.4814     2.95118     34.8297
   409.808     414.655       0.4798     2.95121     34.8315
   410.497     415.354       0.4803     2.95125     34.8311
   410.990     415.852       0.4787     2.95125     34.8325
   411.778     416.651       0.4794     2.95121     34.8308
   412.467     417.349       0.4785     2.95115     34.8306
   413.157     418.047       0.4785     2.95115     34.8302
   413.846     418.746       0.4783     2.95118     34.8304
   414.536     419.444       0.4769     2.95114     34.8311
   415.127     420.043       0.4751     2.95111     34.8323
   415.915     420.841       0.4749     2.95111     34.8320
   416.506     421.439       0.4735     2.95107     34.8328
   417.097     422.038       0.4719     2.95099     34.8332
   417.786     422.736       0.4726     2.95096     34.8316
   418.574     423.534       0.4712     2.95096     34.8327
   419.264     424.233       0.4694     2.95096     34.8343
   419.855     424.831       0.4694     2.95096     34.8340
   420.741     425.729       0.4690     2.95097     34.8339
   421.431     426.427       0.4676     2.95097     34.8351
   422.120     427.126       0.4692     2.95098     34.8330
   422.908     427.924       0.4681     2.95097     34.8337
   423.499     428.523       0.4670     2.95093     34.8341
   424.188     429.221       0.4658     2.95082     34.8336
   424.878     429.919       0.4647     2.95072     34.8330
   425.764     430.817       0.4638     2.95071     34.8335
   426.355     431.416       0.4640     2.95078     34.8338
   427.143     432.214       0.4640     2.95079     34.8334
   427.734     432.812       0.4604     2.95071     34.8361
   428.620     433.710       0.4602     2.95068     34.8354
   429.211     434.309       0.4590     2.95068     34.8363
   429.901     435.007       0.4579     2.95068     34.8372
   430.689     435.805       0.4570     2.95068     34.8378
   431.378     436.504       0.4572     2.95068     34.8371
   432.068     437.202       0.4576     2.95065     34.8358
   432.757     437.900       0.4554     2.95057     34.8369
   433.446     438.599       0.4534     2.95053     34.8383
   434.234     439.397       0.4525     2.95053     34.8387
   435.022     440.195       0.4527     2.95050     34.8377
   435.613     440.794       0.4538     2.95047     34.8357
   436.204     441.392       0.4545     2.95052     34.8352
   437.091     442.290       0.4536     2.95059     34.8366
   437.780     442.988       0.4534     2.95067     34.8375
   438.371     443.587       0.4527     2.95071     34.8384
   439.060     444.285       0.4534     2.95072     34.8374
   439.848     445.083       0.4525     2.95072     34.8379
   440.439     445.682       0.4525     2.95073     34.8377
   441.227     446.480       0.4525     2.95077     34.8377
   441.916     447.178       0.4523     2.95081     34.8380
   442.507     447.777       0.4513     2.95077     34.8383
   443.295     448.575       0.4511     2.95070     34.8371
   443.984     449.274       0.4500     2.95063     34.8370
   444.674     449.972       0.4486     2.95058     34.8376
   445.363     450.670       0.4463     2.95054     34.8392
   446.053     451.369       0.4443     2.95043     34.8396
   446.742     452.067       0.4436     2.95036     34.8390
   447.530     452.865       0.4443     2.95035     34.8376
   448.219     453.563       0.4429     2.95027     34.8378
   448.712     454.062       0.4407     2.95012     34.8380
   449.499     454.860       0.4387     2.95000     34.8382
   450.287     455.658       0.4375     2.94992     34.8381
   450.977     456.357       0.4359     2.94984     34.8384
   451.666     457.055       0.4330     2.94976     34.8402
   452.355     457.753       0.4321     2.94969     34.8399
   453.045     458.452       0.4323     2.94966     34.8388
   453.734     459.150       0.4325     2.94965     34.8382
   454.423     459.848       0.4303     2.94962     34.8397
   455.113     460.547       0.4316     2.94959     34.8375
   455.901     461.345       0.4294     2.94954     34.8388
   456.590     462.043       0.4274     2.94943     34.8392
   457.378     462.841       0.4262     2.94935     34.8391
   457.969     463.440       0.4244     2.94926     34.8396
   458.658     464.138       0.4203     2.94908     34.8414
   459.347     464.837       0.4187     2.94892     34.8408
   460.037     465.535       0.4196     2.94884     34.8383
   460.726     466.233       0.4189     2.94873     34.8372
   461.415     466.932       0.4155     2.94857     34.8385
   462.105     467.630       0.4124     2.94841     34.8395
   462.892     468.428       0.4101     2.94826     34.8396
   463.582     469.127       0.4081     2.94814     34.8399
   464.271     469.825       0.4070     2.94805     34.8396
   464.960     470.523       0.4049     2.94790     34.8396
   465.650     471.222       0.4006     2.94771     34.8415
   466.437     472.020       0.4010     2.94764     34.8396
   467.127     472.718       0.3990     2.94759     34.8409
   467.619     473.217       0.3976     2.94756     34.8417
   468.407     474.015       0.3960     2.94755     34.8430
   469.195     474.813       0.3968     2.94753     34.8413
   469.884     475.511       0.3956     2.94749     34.8417
   470.475     476.110       0.3947     2.94745     34.8419
   471.262     476.908       0.3942     2.94738     34.8411
   471.853     477.507       0.3922     2.94730     34.8419
   472.641     478.305       0.3913     2.94723     34.8416
   473.330     479.003       0.3908     2.94719     34.8412
   473.921     479.602       0.3890     2.94715     34.8423
   474.610     480.300       0.3881     2.94703     34.8414
   475.398     481.098       0.3845     2.94684     34.8424
   475.989     481.697       0.3840     2.94662     34.8398
   476.875     482.595       0.3822     2.94651     34.8398
   477.564     483.293       0.3818     2.94650     34.8397
   478.155     483.892       0.3795     2.94646     34.8414
   478.746     484.490       0.3772     2.94638     34.8427
   479.435     485.189       0.3759     2.94635     34.8433
   480.124     485.887       0.3770     2.94639     34.8422
   480.715     486.485       0.3745     2.94638     34.8445
   481.503     487.284       0.3754     2.94628     34.8417
   482.291     488.082       0.3747     2.94618     34.8407
   482.980     488.780       0.3722     2.94613     34.8425
   483.472     489.279       0.3730     2.94610     34.8409
   484.260     490.077       0.3737     2.94603     34.8387
   484.949     490.775       0.3734     2.94594     34.8374
   485.638     491.474       0.3700     2.94586     34.8398
   486.229     492.072       0.3700     2.94584     34.8392
   486.820     492.671       0.3664     2.94583     34.8427
   487.706     493.569       0.3660     2.94579     34.8422
   488.395     494.267       0.3642     2.94572     34.8429
   489.085     494.965       0.3642     2.94569     34.8420
   489.774     495.664       0.3640     2.94569     34.8418
   490.365     496.262       0.3622     2.94564     34.8430
   491.152     497.060       0.3590     2.94557     34.8451
   491.842     497.759       0.3606     2.94554     34.8425
   492.432     498.357       0.3595     2.94550     34.8429
   493.023     498.956       0.3581     2.94546     34.8436
   493.811     499.754       0.3565     2.94542     34.8444
   494.500     500.452       0.3575     2.94532     34.8415
   495.189     501.151       0.3568     2.94525     34.8410
   495.780     501.749       0.3543     2.94524     34.8433
   496.469     502.448       0.3550     2.94524     34.8421
   497.158     503.146       0.3534     2.94520     34.8430
   497.847     503.844       0.3507     2.94512     34.8446
   498.438     504.443       0.3507     2.94505     34.8433
   499.029     505.042       0.3505     2.94498     34.8422
   499.817     505.840       0.3489     2.94490     34.8425
   500.407     506.438       0.3462     2.94477     34.8436
   501.293     507.336       0.3448     2.94458     34.8421
   501.983     508.034       0.3396     2.94435     34.8445
   502.672     508.733       0.3392     2.94415     34.8420
   503.263     509.331       0.3338     2.94398     34.8455
   504.050     510.129       0.3333     2.94383     34.8436
   504.739     510.828       0.3313     2.94367     34.8433
   505.232     511.327       0.3293     2.94347     34.8427
   506.019     512.125       0.3238     2.94321     34.8449
   506.708     512.823       0.3209     2.94304     34.8456
   507.496     513.621       0.3225     2.94292     34.8417
   508.185     514.320       0.3175     2.94266     34.8436
   508.874     515.018       0.3155     2.94251     34.8435
   509.465     515.616       0.3144     2.94250     34.8442
   510.253     516.415       0.3135     2.94250     34.8448
   510.843     517.013       0.3135     2.94247     34.8440
   511.434     517.612       0.3133     2.94245     34.8436
   511.631     517.811       0.3128     2.94253     34.8451
   511.729     517.911       0.3148     2.94268     34.8448
