North Pole Environmental Observatory   ÑÑÑ   2002 Aerial CTD Survey
Cast 6 (Helo-5)     87deg 55.3'N _ 153deg 50.9'E   4/26/2002 _ 1204 UTC

  Depth(m)  Pres(dbar)    Temp(degC)   Cond(S/m)    Sal(psu)
#
     0.503       0.507     -1.7128     2.49454     31.3458
     0.506       0.510     -1.7136     2.49453     31.3465
     0.509       0.513     -1.7141     2.49449     31.3465
     0.513       0.517     -1.7158     2.49442     31.3473
     0.518       0.522     -1.7168     2.49441     31.3483
     0.524       0.528     -1.7161     2.49445     31.3480
     0.533       0.537     -1.7166     2.49446     31.3487
     0.543       0.547     -1.7163     2.49450     31.3489
     0.557       0.561     -1.7143     2.49459     31.3480
     0.575       0.579     -1.7146     2.49467     31.3495
     0.597       0.602     -1.7156     2.49478     31.3521
     0.626       0.631     -1.7143     2.49482     31.3512
     0.664       0.669     -1.7141     2.49468     31.3490
     0.713       0.718     -1.7143     2.49461     31.3483
     0.774       0.780     -1.7131     2.49468     31.3479
     0.854       0.860     -1.7133     2.49472     31.3486
     0.957       0.964     -1.7138     2.49472     31.3491
     1.088       1.096     -1.7133     2.49468     31.3480
     1.257       1.267     -1.7148     2.49461     31.3484
     1.475       1.486     -1.7153     2.49457     31.3482
     1.751       1.764     -1.7156     2.49456     31.3483
     2.090       2.106     -1.7148     2.49456     31.3473
     2.497       2.516     -1.7143     2.49452     31.3460
     2.971       2.994     -1.7144     2.49445     31.3448
     3.503       3.530     -1.7165     2.49437     31.3456
     4.080       4.111     -1.7185     2.49429     31.3462
     4.700       4.736     -1.7193     2.49418     31.3451
     5.369       5.410     -1.7191     2.49402     31.3424
     6.093       6.139     -1.7198     2.49388     31.3408
     6.866       6.918     -1.7198     2.49388     31.3402
     7.675       7.733     -1.7193     2.49391     31.3397
     8.504       8.569     -1.7185     2.49392     31.3384
     9.342       9.413     -1.7190     2.49392     31.3385
    10.178      10.256     -1.7198     2.49392     31.3388
    11.004      11.088     -1.7203     2.49392     31.3389
    11.810      11.900     -1.7205     2.49396     31.3392
    12.591      12.687     -1.7192     2.49405     31.3385
    13.343      13.445     -1.7190     2.49413     31.3390
    14.059      14.166     -1.7207     2.49417     31.3409
    14.736      14.848     -1.7207     2.49418     31.3406
    15.379      15.496     -1.7185     2.49422     31.3385
    15.998      16.120     -1.7185     2.49426     31.3386
    16.600      16.727     -1.7195     2.49426     31.3393
    17.189      17.320     -1.7199     2.49426     31.3395
    17.765      17.901     -1.7184     2.49431     31.3382
    18.336      18.476     -1.7189     2.49438     31.3393
    18.904      19.049     -1.7197     2.49438     31.3398
    19.469      19.618     -1.7202     2.49431     31.3390
    20.027      20.180     -1.7209     2.49427     31.3389
    20.578      20.735     -1.7204     2.49426     31.3380
    21.121      21.283     -1.7201     2.49423     31.3368
    21.660      21.826     -1.7209     2.49419     31.3368
    22.196      22.366     -1.7209     2.49423     31.3370
    22.734      22.908     -1.7204     2.49427     31.3367
    23.270      23.448     -1.7201     2.49427     31.3361
    23.803      23.985     -1.7204     2.49427     31.3361
    24.336      24.522     -1.7201     2.49426     31.3353
    24.873      25.063     -1.7214     2.49407     31.3338
    25.414      25.609     -1.7216     2.49171     31.3011
    25.958      26.157     -1.7203     2.49026     31.2794
    26.503      26.706     -1.7196     2.49411     31.3314
    27.047      27.254     -1.7201     2.49752     31.3786
    27.589      27.800     -1.7203     2.49787     31.3833
    28.129      28.345     -1.7206     2.49794     31.3843
    28.669      28.889     -1.7221     2.49802     31.3866
    29.206      29.430     -1.7210     2.49810     31.3863
    29.739      29.967     -1.7195     2.49819     31.3856
    30.271      30.503     -1.7200     2.49823     31.3864
    30.802      31.038     -1.7203     2.49823     31.3864
    31.336      31.576     -1.7190     2.49824     31.3848
    31.869      32.114     -1.7188     2.49828     31.3849
    32.402      32.651     -1.7195     2.49836     31.3863
    32.935      33.188     -1.7200     2.49842     31.3875
    33.465      33.722     -1.7207     2.49871     31.3918
    33.990      34.251     -1.7212     2.49957     31.4039
    34.513      34.778     -1.7225     2.50102     31.4250
    35.035      35.304     -1.7232     2.50284     31.4505
    35.556      35.829     -1.7237     2.50468     31.4761
    36.075      36.352     -1.7240     2.50615     31.4963
    36.592      36.873     -1.7242     2.50710     31.5093
    37.108      37.393     -1.7252     2.50795     31.5219
    37.625      37.914     -1.7244     2.50901     31.5353
    38.140      38.433     -1.7264     2.51052     31.5580
    38.652      38.949     -1.7294     2.51358     31.6031
    39.163      39.464     -1.7304     2.51803     31.6653
    39.677      39.982     -1.7329     2.52177     31.7193
    40.190      40.499     -1.7344     2.52409     31.7527
    40.703      41.016     -1.7344     2.52600     31.7787
    41.215      41.532     -1.7364     2.52834     31.8129
    41.724      42.045     -1.7379     2.53112     31.8527
    42.229      42.554     -1.7361     2.53393     31.8893
    42.731      43.060     -1.7363     2.53610     31.9192
    43.232      43.565     -1.7366     2.53713     31.9335
    43.736      44.073     -1.7376     2.53818     31.9488
    44.242      44.583     -1.7368     2.54026     31.9763
    44.749      45.094     -1.7373     2.54278     32.0113
    45.256      45.605     -1.7381     2.54505     32.0433
    45.762      46.115     -1.7381     2.54684     32.0678
    46.267      46.624     -1.7370     2.54838     32.0876
    46.771      47.132     -1.7345     2.55054     32.1145
    47.274      47.639     -1.7305     2.55345     32.1501
    47.777      48.145     -1.7258     2.55660     32.1882
    48.281      48.653     -1.7238     2.56003     32.2332
    48.786      49.162     -1.7235     2.56358     32.2818
    49.292      49.672     -1.7233     2.56706     32.3294
    49.798      50.182     -1.7208     2.57073     32.3771
    50.301      50.689     -1.7193     2.57459     32.4286
    50.802      51.194     -1.7178     2.57864     32.4827
    51.304      51.700     -1.7150     2.58306     32.5405
    51.807      52.207     -1.7148     2.58834     32.6131
    52.312      52.716     -1.7160     2.59545     32.7127
    52.819      53.227     -1.7173     2.60297     32.8180
    53.326      53.738     -1.7180     2.60791     32.8870
    53.830      54.246     -1.7190     2.61042     32.9225
    54.334      54.754     -1.7215     2.61239     32.9523
    54.840      55.264     -1.7235     2.61463     32.9852
    55.345      55.773     -1.7252     2.61696     33.0192
    55.848      56.280     -1.7272     2.61898     33.0491
    56.350      56.786     -1.7289     2.62075     33.0753
    56.852      57.292     -1.7299     2.62238     33.0987
    57.357      57.801     -1.7302     2.62406     33.1221
    57.862      58.310     -1.7312     2.62581     33.1472
    58.367      58.819     -1.7319     2.62710     33.1655
    58.874      59.330     -1.7341     2.62841     33.1859
    59.381      59.841     -1.7351     2.63088     33.2210
    59.889      60.353     -1.7366     2.63452     33.2730
    60.399      60.867     -1.7376     2.63813     33.3239
    60.909      61.381     -1.7386     2.64092     33.3635
    61.418      61.894     -1.7384     2.64286     33.3899
    61.926      62.406     -1.7406     2.64393     33.4070
    62.431      62.915     -1.7433     2.64464     33.4196
    62.933      63.421     -1.7451     2.64548     33.4330
    63.436      63.928     -1.7471     2.64629     33.4461
    63.939      64.435     -1.7473     2.64688     33.4543
    64.441      64.941     -1.7460     2.64744     33.4603
    64.943      65.446     -1.7448     2.64817     33.4687
    65.444      65.951     -1.7430     2.64882     33.4754
    65.944      66.455     -1.7400     2.64931     33.4785
    66.444      66.959     -1.7358     2.65028     33.4869
    66.947      67.466     -1.7308     2.65179     33.5019
    67.450      67.973     -1.7273     2.65325     33.5180
    67.950      68.477     -1.7255     2.65440     33.5317
    68.450      68.981     -1.7235     2.65524     33.5407
    68.952      69.487     -1.7215     2.65585     33.5466
    69.458      69.997     -1.7181     2.65656     33.5524
    69.965      70.508     -1.7148     2.65766     33.5636
    70.473      71.020     -1.7123     2.65902     33.5793
    70.979      71.530     -1.7110     2.66044     33.5972
    71.483      72.038     -1.7073     2.66175     33.6111
    71.983      72.542     -1.7028     2.66280     33.6201
    72.481      73.044     -1.7003     2.66401     33.6339
    72.981      73.548     -1.6970     2.66555     33.6512
    73.479      74.050     -1.6973     2.66677     33.6681
    73.976      74.551     -1.6960     2.66758     33.6777
    74.475      75.054     -1.6943     2.66833     33.6858
    74.977      75.560     -1.6923     2.66906     33.6934
    75.483      76.070     -1.6900     2.67005     33.7042
    75.991      76.582     -1.6878     2.67128     33.7185
    76.495      77.090     -1.6873     2.67236     33.7325
    76.997      77.596     -1.6855     2.67336     33.7440
    77.500      78.103     -1.6825     2.67439     33.7547
    78.003      78.610     -1.6783     2.67547     33.7646
    78.506      79.117     -1.6743     2.67666     33.7763
    79.009      79.624     -1.6728     2.67793     33.7918
    79.512      80.131     -1.6713     2.67918     33.8072
    80.013      80.636     -1.6680     2.68021     33.8174
    80.514      81.141     -1.6655     2.68101     33.8254
    81.016      81.647     -1.6620     2.68173     33.8311
    81.520      82.155     -1.6575     2.68255     33.8369
    82.025      82.664     -1.6538     2.68368     33.8482
    82.528      83.171     -1.6510     2.68494     33.8622
    83.029      83.676     -1.6493     2.68587     33.8728
    83.528      84.179     -1.6473     2.68632     33.8764
    84.026      84.681     -1.6455     2.68657     33.8776
    84.525      85.184     -1.6430     2.68712     33.8820
    85.024      85.687     -1.6405     2.68803     33.8915
    85.524      86.191     -1.6380     2.68904     33.9024
    86.025      86.696     -1.6350     2.68996     33.9114
    86.530      87.205     -1.6323     2.69053     33.9159
    87.036      87.715     -1.6305     2.69069     33.9157
    87.541      88.224     -1.6275     2.69114     33.9182
    88.045      88.732     -1.6243     2.69223     33.9293
    88.549      89.240     -1.6208     2.69333     33.9404
    89.051      89.746     -1.6168     2.69404     33.9454
    89.552      90.251     -1.6148     2.69441     33.9479
    90.051      90.754     -1.6121     2.69484     33.9504
    90.548      91.255     -1.6086     2.69580     33.9594
    91.041      91.752     -1.6053     2.69708     33.9732
    91.534      92.249     -1.6011     2.69799     33.9805
    92.029      92.748     -1.5978     2.69842     33.9824
    92.526      93.249     -1.5926     2.69894     33.9835
    93.027      93.754     -1.5884     2.69980     33.9902
    93.529      94.260     -1.5834     2.70085     33.9987
    94.031      94.766     -1.5784     2.70190     34.0072
    94.534      95.273     -1.5759     2.70271     34.0153
    95.037      95.780     -1.5752     2.70322     34.0213
    95.539      96.287     -1.5699     2.70364     34.0207
    96.041      96.793     -1.5649     2.70435     34.0245
    96.544      97.300     -1.5622     2.70538     34.0354
    97.045      97.805     -1.5572     2.70644     34.0440
    97.542      98.306     -1.5512     2.70740     34.0501
    98.037      98.805     -1.5458     2.70827     34.0558
    98.532      99.304     -1.5393     2.70917     34.0604
    99.031      99.807     -1.5293     2.71026     34.0638
    99.531     100.311     -1.5216     2.71165     34.0739
   100.033     100.817     -1.5121     2.71318     34.0839
   100.537     101.325     -1.5049     2.71446     34.0930
   101.041     101.833     -1.4995     2.71539     34.0994
   101.545     102.341     -1.4937     2.71623     34.1040
   102.045     102.845     -1.4878     2.71711     34.1092
   102.544     103.348     -1.4798     2.71818     34.1145
   103.042     103.850     -1.4706     2.71940     34.1205
   103.540     104.352     -1.4627     2.72055     34.1270
   104.037     104.853     -1.4587     2.72149     34.1351
   104.532     105.352     -1.4532     2.72222     34.1386
   105.027     105.851     -1.4438     2.72304     34.1389
   105.522     106.350     -1.4341     2.72425     34.1441
   106.016     106.848     -1.4239     2.72548     34.1492
   106.509     107.345     -1.4147     2.72628     34.1494
   107.003     107.843     -1.4048     2.72713     34.1494
   107.501     108.345     -1.3938     2.72848     34.1552
   108.000     108.848     -1.3834     2.72985     34.1619
   108.497     109.349     -1.3755     2.73090     34.1669
   108.995     109.851     -1.3678     2.73178     34.1700
   109.493     110.353     -1.3596     2.73263     34.1720
   109.992     110.856     -1.3489     2.73368     34.1739
   110.493     111.361     -1.3370     2.73502     34.1784
   110.992     111.864     -1.3266     2.73636     34.1847
   111.491     112.368     -1.3194     2.73755     34.1925
   111.990     112.871     -1.3070     2.73853     34.1915
   112.489     113.374     -1.2956     2.73952     34.1918
   112.991     113.880     -1.2843     2.74086     34.1970
   113.495     114.388     -1.2726     2.74235     34.2038
   114.001     114.898     -1.2644     2.74358     34.2110
   114.507     115.408     -1.2545     2.74455     34.2126
   115.011     115.916     -1.2404     2.74616     34.2184
   115.514     116.423     -1.2211     2.74877     34.2318
   116.018     116.931     -1.2011     2.75119     34.2418
   116.525     117.442     -1.1904     2.75267     34.2496
   117.031     117.953     -1.1805     2.75398     34.2558
   117.540     118.466     -1.1677     2.75614     34.2705
   118.051     118.981     -1.1464     2.75859     34.2795
   118.563     119.497     -1.1212     2.76019     34.2722
   119.077     120.015     -1.1039     2.76163     34.2718
   119.595     120.537     -1.0901     2.76428     34.2920
   120.114     121.061     -1.0668     2.76720     34.3051
   120.637     121.588     -1.0419     2.76906     34.3016
   121.161     122.116     -1.0217     2.77106     34.3056
   121.686     122.646     -1.0003     2.77338     34.3125
   122.213     123.177     -0.9826     2.77480     34.3113
   122.741     123.709     -0.9719     2.77582     34.3128
   123.269     124.242     -0.9586     2.77727     34.3170
   123.799     124.776     -0.9411     2.77888     34.3186
   124.331     125.312     -0.9271     2.78019     34.3202
   124.863     125.849     -0.9170     2.78158     34.3272
   125.398     126.388     -0.9030     2.78305     34.3309
   125.934     126.928     -0.8853     2.78413     34.3251
   126.470     127.469     -0.8742     2.78516     34.3261
   127.006     128.009     -0.8626     2.78667     34.3331
   127.541     128.548     -0.8483     2.78894     34.3473
   128.075     129.087     -0.8306     2.79131     34.3591
   128.610     129.626     -0.8142     2.79249     34.3560
   129.144     130.165     -0.8026     2.79265     34.3446
   129.682     130.707     -0.7922     2.79292     34.3361
   130.224     131.253     -0.7792     2.79436     34.3406
   130.765     131.799     -0.7661     2.79702     34.3613
   131.305     132.343     -0.7488     2.80004     34.3822
   131.844     132.887     -0.7260     2.80238     34.3877
   132.384     133.431     -0.7103     2.80306     34.3786
   132.925     133.977     -0.7027     2.80294     34.3681
   133.465     134.521     -0.6899     2.80382     34.3651
   134.001     135.062     -0.6767     2.80588     34.3776
   134.535     135.600     -0.6635     2.80875     34.4010
   135.067     136.136     -0.6404     2.81201     34.4184
   135.596     136.670     -0.6189     2.81401     34.4207
   136.122     137.200     -0.6047     2.81409     34.4053
   136.650     137.732     -0.5929     2.81412     34.3919
   137.178     138.265     -0.5807     2.81520     34.3923
   137.704     138.795     -0.5697     2.81708     34.4048
   138.227     139.322     -0.5545     2.81940     34.4185
   138.750     139.850     -0.5401     2.82117     34.4257
   139.273     140.377     -0.5278     2.82205     34.4233
   139.795     140.903     -0.5102     2.82336     34.4206
   140.314     141.427     -0.4865     2.82612     34.4305
   140.836     141.953     -0.4638     2.82978     34.4536
   141.357     142.478     -0.4352     2.83341     34.4696
   141.873     142.998     -0.4077     2.83566     34.4683
   142.385     143.515     -0.3910     2.83619     34.4562
   142.899     144.033     -0.3788     2.83645     34.4454
   143.414     144.552     -0.3676     2.83734     34.4445
   143.927     145.069     -0.3550     2.83896     34.4515
   144.437     145.584     -0.3408     2.84074     34.4590
   144.948     146.099     -0.3311     2.84174     34.4610
   145.461     146.616     -0.3223     2.84219     34.4568
   145.975     147.134     -0.3155     2.84258     34.4540
   146.487     147.651     -0.3098     2.84296     34.4523
   146.998     148.166     -0.3035     2.84399     34.4586
   147.506     148.678     -0.2911     2.84621     34.4741
   148.013     149.189     -0.2738     2.84863     34.4864
   148.520     149.701     -0.2604     2.84988     34.4877
   149.029     150.214     -0.2522     2.85013     34.4814
   149.539     150.728     -0.2456     2.85027     34.4754
   150.048     151.241     -0.2392     2.85060     34.4724
   150.557     151.754     -0.2334     2.85102     34.4711
   151.066     152.268     -0.2236     2.85246     34.4789
   151.575     152.781     -0.2098     2.85496     34.4963
   152.086     153.296     -0.1962     2.85654     34.5018
   152.597     153.811     -0.1860     2.85703     34.4964
   153.108     154.327     -0.1777     2.85749     34.4928
   153.621     154.844     -0.1699     2.85810     34.4918
   154.137     155.364     -0.1626     2.85924     34.4985
   154.653     155.884     -0.1478     2.86135     34.5096
   155.163     156.399     -0.1281     2.86374     34.5188
   155.673     156.913     -0.1118     2.86551     34.5236
   156.182     157.426     -0.0999     2.86652     34.5233
   156.693     157.941     -0.0917     2.86708     34.5212
   157.204     158.457     -0.0841     2.86789     34.5231
   157.714     158.971     -0.0701     2.87009     34.5361
   158.222     159.483     -0.0519     2.87302     34.5541
   158.729     159.994     -0.0387     2.87468     34.5610
   159.236     160.506     -0.0283     2.87524     34.5563
   159.746     161.020     -0.0186     2.87570     34.5512
   160.258     161.536     -0.0084     2.87625     34.5467
   160.769     162.051      0.0049     2.87747     34.5476
   161.278     162.565      0.0204     2.87995     34.5626
   161.788     163.079      0.0362     2.88252     34.5786
   162.299     163.594      0.0507     2.88386     34.5796
   162.808     164.108      0.0604     2.88451     34.5770
   163.318     164.622      0.0723     2.88519     34.5723
   163.829     165.137      0.0834     2.88579     34.5674
   164.340     165.652      0.0924     2.88618     34.5620
   164.848     166.165      0.0967     2.88690     34.5664
   165.358     166.679      0.1064     2.88872     34.5792
   165.868     167.193      0.1226     2.89145     34.5968
   166.377     167.706      0.1402     2.89399     34.6102
   166.886     168.220      0.1550     2.89539     34.6116
   167.397     168.735      0.1695     2.89596     34.6025
   167.907     169.249      0.1780     2.89629     34.5970
   168.417     169.764      0.1828     2.89649     34.5939
   168.930     170.281      0.1867     2.89711     34.5974
   169.441     170.796      0.1939     2.89870     34.6099
   169.950     171.309      0.2084     2.90126     34.6271
   170.459     171.823      0.2234     2.90405     34.6467
   170.969     172.337      0.2400     2.90586     34.6515
   171.479     172.851      0.2557     2.90657     34.6428
   171.988     173.365      0.2664     2.90683     34.6339
   172.497     173.878      0.2734     2.90688     34.6264
   173.006     174.391      0.2797     2.90693     34.6197
   173.514     174.903      0.2861     2.90720     34.6156
   174.022     175.416      0.2903     2.90753     34.6150
   174.531     175.929      0.2937     2.90781     34.6144
   175.040     176.442      0.2968     2.90839     34.6183
   175.547     176.953      0.3052     2.90992     34.6287
   176.052     177.463      0.3168     2.91173     34.6392
   176.559     177.974      0.3272     2.91272     34.6401
   177.069     178.488      0.3344     2.91320     34.6381
   177.578     179.002      0.3390     2.91433     34.6475
   178.089     179.517      0.3494     2.91642     34.6628
   178.598     180.030      0.3629     2.91818     34.6705
   179.107     180.543      0.3718     2.91870     34.6670
   179.617     181.058      0.3795     2.91865     34.6574
   180.131     181.576      0.3843     2.91874     34.6528
   180.648     182.097      0.3896     2.91913     34.6516
   181.166     182.620      0.3961     2.92044     34.6612
   181.685     183.143      0.4067     2.92269     34.6785
   182.204     183.667      0.4190     2.92428     34.6853
   182.723     184.190      0.4257     2.92465     34.6822
   183.242     184.713      0.4293     2.92452     34.6762
   183.757     185.233      0.4313     2.92441     34.6721
   184.271     185.751      0.4376     2.92456     34.6667
   184.784     186.268      0.4445     2.92487     34.6627
   185.297     186.786      0.4479     2.92517     34.6625
   185.813     187.306      0.4496     2.92571     34.6673
   186.325     187.823      0.4553     2.92705     34.6783
   186.837     188.339      0.4662     2.92880     34.6886
   187.351     188.857      0.4756     2.92995     34.6928
   187.867     189.378      0.4837     2.93083     34.6948
   188.384     189.899      0.4972     2.93262     34.7028
   188.901     190.420      0.5150     2.93505     34.7143
   189.419     190.943      0.5278     2.93641     34.7174
   189.941     191.469      0.5357     2.93664     34.7112
   190.462     191.995      0.5410     2.93668     34.7054
   190.985     192.522      0.5434     2.93663     34.7018
   191.509     193.051      0.5467     2.93660     34.6974
   192.035     193.581      0.5515     2.93717     34.6991
   192.560     194.110      0.5563     2.93859     34.7119
   193.083     194.638      0.5635     2.94036     34.7267
   193.609     195.168      0.5719     2.94168     34.7341
   194.133     195.697      0.5772     2.94210     34.7334
   194.656     196.224      0.5842     2.94212     34.7255
   195.176     196.749      0.5906     2.94227     34.7199
   195.698     197.275      0.5947     2.94321     34.7273
   196.218     197.800      0.6034     2.94535     34.7451
   196.738     198.324      0.6187     2.94755     34.7563
   197.257     198.847      0.6322     2.94862     34.7548
   197.775     199.370      0.6396     2.94883     34.7489
   198.296     199.895      0.6475     2.94898     34.7417
   198.817     200.421      0.6573     2.94937     34.7354
   199.339     200.947      0.6628     2.94972     34.7335
   199.860     201.473      0.6645     2.95030     34.7388
   200.381     201.998      0.6726     2.95203     34.7519
   200.901     202.523      0.6870     2.95454     34.7682
   201.422     203.048      0.6983     2.95697     34.7868
   201.945     203.575      0.7145     2.95928     34.7984
   202.468     204.103      0.7335     2.96095     34.7985
   202.994     204.633      0.7442     2.96275     34.8095
   203.520     205.164      0.7543     2.96529     34.8309
   204.048     205.696      0.7715     2.96701     34.8335
   204.575     206.228      0.7878     2.96757     34.8223
   205.105     206.762      0.7952     2.96787     34.8175
   205.633     207.295      0.7998     2.96805     34.8144
   206.163     207.830      0.8036     2.96802     34.8094
   206.692     208.363      0.8090     2.96798     34.8026
   207.216     208.892      0.8124     2.96808     34.7997
   207.739     209.419      0.8155     2.96822     34.7978
   208.264     209.949      0.8215     2.96838     34.7928
   208.793     210.482      0.8251     2.96849     34.7899
   209.324     211.018      0.8256     2.96856     34.7899
   209.855     211.553      0.8267     2.96862     34.7892
   210.384     212.087      0.8284     2.96869     34.7877
   210.915     212.622      0.8308     2.96871     34.7851
   211.445     213.157      0.8322     2.96870     34.7831
   211.975     213.691      0.8308     2.96868     34.7841
   212.505     214.226      0.8296     2.96867     34.7849
   213.034     214.760      0.8310     2.96870     34.7834
   213.565     215.295      0.8320     2.96877     34.7829
   214.095     215.830      0.8339     2.96885     34.7815
   214.626     216.365      0.8356     2.96936     34.7859
   215.156     216.900      0.8422     2.97094     34.7986
   215.688     217.436      0.8535     2.97291     34.8111
   216.220     217.973      0.8609     2.97395     34.8161
   216.752     218.510      0.8664     2.97416     34.8123
   217.283     219.045      0.8702     2.97429     34.8094
   217.811     219.578      0.8711     2.97447     34.8104
   218.338     220.109      0.8699     2.97453     34.8123
   218.866     220.642      0.8711     2.97454     34.8107
   219.395     221.175      0.8750     2.97462     34.8071
   219.923     221.708      0.8774     2.97477     34.8060
   220.453     222.242      0.8788     2.97484     34.8051
   220.983     222.777      0.8788     2.97484     34.8048
   221.513     223.312      0.8788     2.97487     34.8048
   222.044     223.847      0.8792     2.97494     34.8049
   222.576     224.384      0.8799     2.97497     34.8042
   223.110     224.922      0.8804     2.97497     34.8033
   223.641     225.458      0.8811     2.97497     34.8022
   224.170     225.992      0.8816     2.97500     34.8017
   224.699     226.525      0.8823     2.97507     34.8015
   225.229     227.060      0.8828     2.97511     34.8011
   225.760     227.595      0.8830     2.97510     34.8005
   226.292     228.132      0.8828     2.97510     34.8004
   226.826     228.671      0.8830     2.97513     34.8003
   227.363     229.212      0.8828     2.97520     34.8011
   227.899     229.753      0.8835     2.97524     34.8005
   228.435     230.293      0.8835     2.97528     34.8007
   228.971     230.834      0.8835     2.97535     34.8013
   229.511     231.379      0.8845     2.97539     34.8004
   230.053     231.926      0.8854     2.97539     34.7990
   230.595     232.472      0.8847     2.97539     34.7995
   231.133     233.015      0.8847     2.97542     34.7996
   231.669     233.556      0.8847     2.97545     34.7997
   232.204     234.095      0.8847     2.97542     34.7989
   232.738     234.634      0.8842     2.97542     34.7991
   233.271     235.171      0.8844     2.97549     34.7995
   233.803     235.708      0.8858     2.97553     34.7982
   234.335     236.245      0.8858     2.97558     34.7984
   234.867     236.781      0.8858     2.97565     34.7990
   235.397     237.316      0.8853     2.97568     34.7997
   235.928     237.852      0.8851     2.97568     34.7997
   236.459     238.387      0.8863     2.97569     34.7981
   236.990     238.923      0.8865     2.97573     34.7980
   237.521     239.458      0.8868     2.97580     34.7983
   238.052     239.994      0.8872     2.97584     34.7981
   238.583     240.530      0.8858     2.97584     34.7993
   239.116     241.067      0.8858     2.97588     34.7995
   239.648     241.604      0.8863     2.97596     34.7997
   240.181     242.142      0.8870     2.97604     34.7996
   240.716     242.681      0.8875     2.97647     34.8043
   241.251     243.221      0.8925     2.97785     34.8162
   241.788     243.763      0.9037     2.97987     34.8295
   242.328     244.307      0.9152     2.98197     34.8434
   242.868     244.852      0.9268     2.98389     34.8550
   243.405     245.394      0.9376     2.98498     34.8567
   243.941     245.934      0.9447     2.98524     34.8517
   244.478     246.476      0.9500     2.98539     34.8474
   245.018     247.021      0.9519     2.98562     34.8479
   245.557     247.565      0.9531     2.98577     34.8483
   246.095     248.107      0.9538     2.98586     34.8483
   246.632     248.649      0.9548     2.98596     34.8481
   247.172     249.194      0.9581     2.98626     34.8481
   247.714     249.741      0.9638     2.98695     34.8501
   248.257     250.288      0.9705     2.98777     34.8529
   248.800     250.836      0.9746     2.98860     34.8588
   249.342     251.383      0.9786     2.98956     34.8664
   249.881     251.927      0.9874     2.99041     34.8672
   250.416     252.466      0.9945     2.99084     34.8645
   250.947     253.002      0.9972     2.99099     34.8631
   251.478     253.538      0.9979     2.99111     34.8635
   252.009     254.073      0.9989     2.99122     34.8635
   252.541     254.610      1.0008     2.99130     34.8621
   253.078     255.152      1.0019     2.99138     34.8615
   253.617     255.695      1.0026     2.99141     34.8609
   254.155     256.238      1.0036     2.99141     34.8594
   254.689     256.777      1.0060     2.99141     34.8564
   255.224     257.316      1.0079     2.99145     34.8545
   255.761     257.858      1.0091     2.99152     34.8538
   256.297     258.399      1.0103     2.99156     34.8526
   256.833     258.940      1.0105     2.99156     34.8520
   257.368     259.479      1.0108     2.99156     34.8514
   257.902     260.018      1.0122     2.99160     34.8500
   258.435     260.556      1.0121     2.99171     34.8512
   258.969     261.094      1.0121     2.99182     34.8523
   259.503     261.633      1.0126     2.99186     34.8520
   260.037     262.172      1.0123     2.99186     34.8520
   260.572     262.712      1.0109     2.99185     34.8531
   261.109     263.253      1.0114     2.99189     34.8528
   261.646     263.795      1.0121     2.99196     34.8526
   262.184     264.338      1.0126     2.99200     34.8522
   262.719     264.878      1.0128     2.99200     34.8517
   263.257     265.420      1.0126     2.99200     34.8515
   263.796     265.964      1.0133     2.99200     34.8505
   264.338     266.511      1.0133     2.99204     34.8507
   264.878     267.056      1.0138     2.99212     34.8508
   265.416     267.598      1.0145     2.99220     34.8507
   265.951     268.138      1.0145     2.99227     34.8513
   266.484     268.676      1.0140     2.99231     34.8521
   267.016     269.213      1.0138     2.99231     34.8520
   267.552     269.753      1.0149     2.99231     34.8504
   268.088     270.294      1.0156     2.99232     34.8494
   268.623     270.834      1.0151     2.99235     34.8501
   269.159     271.374      1.0149     2.99242     34.8510
   269.693     271.913      1.0151     2.99246     34.8509
   270.227     272.452      1.0149     2.99247     34.8509
   270.761     272.991      1.0156     2.99251     34.8503
   271.297     273.531      1.0156     2.99254     34.8504
   271.833     274.072      1.0156     2.99255     34.8502
   272.368     274.612      1.0156     2.99259     34.8503
   272.900     275.149      1.0151     2.99262     34.8510
   273.434     275.687      1.0154     2.99263     34.8505
   273.968     276.226      1.0158     2.99267     34.8502
   274.502     276.765      1.0149     2.99274     34.8518
   275.035     277.303      1.0151     2.99278     34.8518
   275.569     277.841      1.0149     2.99278     34.8517
   276.106     278.383      1.0156     2.99278     34.8507
   276.644     278.926      1.0156     2.99278     34.8504
   277.179     279.466      1.0156     2.99279     34.8501
   277.714     280.005      1.0161     2.99283     34.8498
   278.251     280.547      1.0163     2.99290     34.8501
   278.790     281.091      1.0156     2.99290     34.8506
   279.329     281.635      1.0156     2.99287     34.8499
   279.866     282.177      1.0156     2.99291     34.8500
   280.403     282.718      1.0155     2.99299     34.8508
   280.937     283.257      1.0155     2.99306     34.8515
   281.470     283.795      1.0155     2.99306     34.8512
   282.002     284.332      1.0155     2.99303     34.8505
   282.535     284.869      1.0155     2.99307     34.8506
   283.066     285.405      1.0150     2.99310     34.8513
   283.597     285.941      1.0148     2.99315     34.8518
   284.128     286.477      1.0155     2.99318     34.8512
   284.660     287.013      1.0160     2.99315     34.8499
   285.190     287.548      1.0167     2.99316     34.8489
   285.720     288.083      1.0167     2.99323     34.8495
   286.251     288.619      1.0167     2.99327     34.8497
   286.782     289.154      1.0162     2.99326     34.8499
   287.313     289.690      1.0150     2.99318     34.8498
   287.844     290.226      1.0138     2.99302     34.8488
   288.375     290.762      1.0112     2.99288     34.8495
   288.908     291.299      1.0069     2.99265     34.8511
   289.440     291.836      1.0033     2.99225     34.8496
   289.972     292.373      1.0012     2.99181     34.8460
   290.505     292.911      0.9998     2.99152     34.8435
   291.041     293.451      0.9957     2.99133     34.8453
   291.574     293.989      0.9909     2.99112     34.8476
   292.105     294.525      0.9861     2.99086     34.8493
   292.635     295.060      0.9823     2.99052     34.8489
   293.167     295.597      0.9799     2.99013     34.8462
   293.700     296.134      0.9785     2.98984     34.8437
   294.229     296.668      0.9775     2.98962     34.8417
   294.758     297.202      0.9737     2.98934     34.8420
   295.288     297.737      0.9677     2.98911     34.8455
   295.819     298.272      0.9628     2.98888     34.8477
   296.347     298.805      0.9601     2.98850     34.8454
   296.875     299.338      0.9589     2.98818     34.8423
   297.404     299.872      0.9577     2.98804     34.8415
   297.936     300.408      0.9541     2.98786     34.8429
   298.469     300.946      0.9484     2.98758     34.8453
   299.001     301.483      0.9448     2.98729     34.8453
   299.531     302.018      0.9413     2.98708     34.8463
   300.059     302.551      0.9396     2.98697     34.8463
   300.585     303.081      0.9407     2.98697     34.8448
   301.110     303.611      0.9405     2.98700     34.8451
   301.636     304.142      0.9381     2.98692     34.8465
   302.164     304.674      0.9362     2.98681     34.8469
   302.692     305.207      0.9350     2.98673     34.8468
   303.221     305.741      0.9348     2.98665     34.8457
   303.751     306.276      0.9345     2.98657     34.8447
   304.281     306.811      0.9331     2.98648     34.8449
   304.813     307.347      0.9321     2.98632     34.8436
   305.344     307.883      0.9293     2.98608     34.8433
   305.877     308.421      0.9257     2.98591     34.8448
   306.408     308.957      0.9230     2.98573     34.8452
   306.937     309.491      0.9213     2.98546     34.8433
   307.465     310.023      0.9199     2.98527     34.8420
   307.993     310.556      0.9194     2.98521     34.8415
   308.522     311.090      0.9177     2.98508     34.8415
   309.052     311.625      0.9149     2.98489     34.8418
   309.582     312.160      0.9113     2.98475     34.8437
   310.114     312.696      0.9077     2.98459     34.8453
   310.646     313.233      0.9061     2.98439     34.8443
   311.178     313.770      0.9063     2.98427     34.8421
   311.710     314.307      0.9051     2.98415     34.8416
   312.239     314.841      0.9030     2.98403     34.8421
   312.767     315.373      0.8994     2.98398     34.8451
   313.296     315.907      0.8972     2.98393     34.8466
   313.825     316.441      0.8967     2.98377     34.8449
   314.356     316.977      0.8970     2.98359     34.8418
   314.887     317.513      0.8974     2.98351     34.8400
   315.420     318.050      0.8950     2.98345     34.8417
   315.953     318.588      0.8922     2.98338     34.8435
   316.488     319.128      0.8905     2.98333     34.8445
   317.022     319.667      0.8907     2.98329     34.8435
   317.553     320.203      0.8900     2.98322     34.8431
   318.084     320.739      0.8900     2.98323     34.8428
   318.619     321.278      0.8890     2.98326     34.8440
   319.152     321.816      0.8876     2.98323     34.8448
   319.682     322.351      0.8876     2.98319     34.8441
   320.207     322.881      0.8876     2.98319     34.8438
   320.733     323.412      0.8871     2.98319     34.8441
   321.260     323.944      0.8869     2.98319     34.8439
   321.790     324.478      0.8866     2.98311     34.8429
   322.321     325.014      0.8842     2.98296     34.8433
   322.853     325.551      0.8823     2.98283     34.8435
   323.385     326.088      0.8802     2.98276     34.8446
   323.914     326.622      0.8790     2.98289     34.8473
   324.443     327.156      0.8814     2.98324     34.8488
   324.975     327.692      0.8833     2.98354     34.8502
   325.506     328.228      0.8850     2.98381     34.8515
   326.034     328.761      0.8878     2.98418     34.8528
   326.562     329.294      0.8919     2.98456     34.8529
   327.092     329.829      0.8943     2.98498     34.8553
   327.623     330.365      0.8946     2.98547     34.8610
   328.157     330.903      0.8955     2.98592     34.8655
   328.691     331.442      0.8967     2.98633     34.8691
   329.228     331.984      0.9005     2.98666     34.8689
   329.765     332.526      0.9019     2.98684     34.8693
   330.301     333.067      0.9019     2.98693     34.8701
   330.836     333.607      0.9024     2.98706     34.8708
   331.370     334.146      0.9036     2.98718     34.8708
   331.904     334.685      0.9043     2.98726     34.8707
   332.436     335.222      0.9034     2.98730     34.8719
   332.964     335.754      0.9025     2.98726     34.8721
   333.489     336.284      0.9032     2.98723     34.8706
   334.013     336.813      0.9022     2.98726     34.8718
   334.537     337.342      0.9018     2.98734     34.8729
   335.061     337.871      0.9027     2.98738     34.8721
   335.588     338.402      0.9020     2.98734     34.8721
   336.115     338.934      0.9015     2.98726     34.8714
   336.640     339.464      0.9003     2.98721     34.8717
   337.164     339.993      0.8991     2.98712     34.8716
   337.690     340.524      0.8974     2.98696     34.8712
   338.216     341.055      0.8960     2.98684     34.8708
   338.744     341.587      0.8955     2.98671     34.8694
   339.272     342.120      0.8948     2.98659     34.8683
   339.801     342.654      0.8929     2.98650     34.8689
   340.330     343.188      0.8895     2.98637     34.8707
   340.859     343.722      0.8879     2.98620     34.8700
   341.388     344.256      0.8860     2.98600     34.8692
   341.918     344.791      0.8853     2.98584     34.8677
   342.448     345.325      0.8853     2.98579     34.8667
   342.978     345.860      0.8819     2.98569     34.8690
   343.508     346.395      0.8769     2.98552     34.8720
   344.037     346.929      0.8755     2.98531     34.8706
   344.567     347.464      0.8733     2.98504     34.8691
   345.096     347.998      0.8724     2.98483     34.8672
   345.625     348.532      0.8710     2.98473     34.8672
   346.154     349.066      0.8691     2.98456     34.8668
   346.684     349.600      0.8638     2.98431     34.8692
   347.212     350.133      0.8592     2.98402     34.8703
   347.740     350.666      0.8568     2.98374     34.8690
   348.266     351.197      0.8544     2.98353     34.8686
   348.792     351.728      0.8530     2.98336     34.8677
   349.319     352.260      0.8521     2.98320     34.8663
   349.848     352.794      0.8493     2.98303     34.8670
   350.378     353.329      0.8457     2.98286     34.8684
   350.908     353.863      0.8425     2.98265     34.8690
   351.435     354.395      0.8401     2.98241     34.8683
   351.960     354.925      0.8392     2.98221     34.8663
   352.484     355.454      0.8389     2.98205     34.8643
   353.011     355.986      0.8356     2.98192     34.8660
   353.538     356.518      0.8313     2.98182     34.8692
   354.067     357.052      0.8287     2.98165     34.8697
   354.597     357.587      0.8270     2.98141     34.8682
   355.128     358.123      0.8251     2.98117     34.8668
   355.659     358.658      0.8234     2.98093     34.8653
   356.187     359.191      0.8210     2.98072     34.8650
   356.717     359.726      0.8177     2.98059     34.8666
   357.245     360.259      0.8138     2.98041     34.8684
   357.770     360.789      0.8119     2.98013     34.8666
   358.291     361.315      0.8102     2.97986     34.8646
   358.809     361.838      0.8079     2.97965     34.8643
   359.328     362.361      0.8055     2.97952     34.8649
   359.844     362.882      0.8027     2.97939     34.8661
   360.359     363.402      0.7991     2.97922     34.8676
   360.875     363.923      0.7964     2.97902     34.8677
   361.391     364.444      0.7952     2.97878     34.8657
   361.906     364.963      0.7940     2.97863     34.8647
   362.417     365.479      0.7938     2.97858     34.8640
   362.928     365.995      0.7926     2.97853     34.8644
   363.440     366.512      0.7878     2.97840     34.8678
   363.955     367.031      0.7840     2.97820     34.8691
   364.471     367.552      0.7821     2.97796     34.8678
   364.987     368.073      0.7809     2.97772     34.8658
   365.503     368.594      0.7802     2.97757     34.8643
   366.018     369.114      0.7797     2.97756     34.8644
   366.531     369.631      0.7776     2.97754     34.8663
   367.039     370.144      0.7740     2.97742     34.8685
   367.545     370.655      0.7718     2.97726     34.8686
   368.049     371.164      0.7718     2.97711     34.8663
   368.550     371.669      0.7713     2.97699     34.8650
   369.048     372.172      0.7706     2.97695     34.8649
   369.549     372.678      0.7687     2.97690     34.8661
   370.054     373.187      0.7653     2.97677     34.8680
   370.559     373.697      0.7641     2.97662     34.8670
   371.064     374.207      0.7629     2.97645     34.8659
   371.571     374.718      0.7617     2.97626     34.8645
   372.077     375.229      0.7601     2.97610     34.8639
   372.582     375.739      0.7587     2.97605     34.8645
   373.086     376.248      0.7568     2.97596     34.8652
   373.594     376.760      0.7525     2.97580     34.8676
   374.103     377.274      0.7498     2.97563     34.8681
   374.612     377.788      0.7491     2.97547     34.8666
   375.119     378.300      0.7496     2.97536     34.8643
   375.628     378.813      0.7503     2.97537     34.8633
   376.137     379.327      0.7503     2.97544     34.8639
   376.646     379.841      0.7493     2.97548     34.8653
   377.154     380.354      0.7474     2.97544     34.8666
   377.660     380.864      0.7462     2.97536     34.8666
   378.163     381.372      0.7455     2.97528     34.8660
   378.666     381.880      0.7450     2.97517     34.8648
   379.171     382.390      0.7448     2.97510     34.8638
   379.683     382.906      0.7450     2.97513     34.8637
   380.198     383.426      0.7429     2.97512     34.8656
   380.714     383.947      0.7397     2.97500     34.8673
   381.232     384.470      0.7383     2.97484     34.8665
   381.752     384.995      0.7380     2.97468     34.8645
   382.270     385.518      0.7372     2.97453     34.8632
   382.788     386.041      0.7364     2.97441     34.8622
   383.308     386.565      0.7346     2.97430     34.8625
   383.828     387.090      0.7314     2.97421     34.8646
   384.347     387.614      0.7295     2.97413     34.8654
   384.865     388.137      0.7274     2.97397     34.8653
   385.382     388.659      0.7247     2.97373     34.8649
   385.898     389.180      0.7235     2.97352     34.8633
   386.416     389.703      0.7209     2.97335     34.8637
   386.937     390.229      0.7170     2.97318     34.8655
   387.458     390.754      0.7137     2.97296     34.8661
   387.976     391.277      0.7108     2.97268     34.8654
   388.492     391.798      0.7104     2.97241     34.8620
   389.006     392.317      0.7102     2.97225     34.8598
   389.521     392.837      0.7099     2.97220     34.8592
   390.035     393.356      0.7061     2.97214     34.8625
   390.549     393.875      0.7006     2.97201     34.8666
   391.065     394.395      0.6972     2.97176     34.8668
   391.577     394.912      0.6955     2.97141     34.8639
   392.087     395.427      0.6936     2.97113     34.8621
   392.596     395.941      0.6924     2.97100     34.8614
   393.106     396.456      0.6907     2.97091     34.8619
   393.614     396.969      0.6869     2.97081     34.8646
   394.122     397.481      0.6824     2.97064     34.8671
   394.626     397.990      0.6810     2.97037     34.8649
   395.129     398.498      0.6815     2.97014     34.8611
   395.629     399.003      0.6808     2.97005     34.8604
   396.129     399.507      0.6781     2.97000     34.8624
   396.632     400.015      0.6760     2.96988     34.8629
   397.139     400.527      0.6719     2.96971     34.8650
   397.648     401.041      0.6700     2.96955     34.8647
   398.159     401.556      0.6700     2.96939     34.8624
   398.668     402.070      0.6683     2.96927     34.8625
   399.179     402.586      0.6680     2.96919     34.8614
   399.690     403.102      0.6656     2.96907     34.8622
   400.201     403.618      0.6632     2.96894     34.8629
   400.714     404.136      0.6604     2.96881     34.8641
   401.228     404.655      0.6572     2.96861     34.8647
   401.741     405.172      0.6558     2.96841     34.8635
   402.249     405.685      0.6558     2.96829     34.8617
   402.755     406.196      0.6558     2.96825     34.8608
   403.264     406.710      0.6540     2.96820     34.8619
   403.775     407.226      0.6506     2.96812     34.8643
   404.283     407.739      0.6489     2.96799     34.8642
   404.792     408.252      0.6475     2.96780     34.8630
   405.299     408.764      0.6475     2.96765     34.8608
   405.804     409.274      0.6470     2.96760     34.8604
   406.305     409.780      0.6463     2.96760     34.8608
   406.804     410.283      0.6444     2.96755     34.8621
   407.301     410.785      0.6410     2.96747     34.8645
   407.798     411.287      0.6403     2.96739     34.8640
   408.296     411.790      0.6398     2.96727     34.8627
   408.794     412.292      0.6391     2.96716     34.8617
   409.291     412.794      0.6391     2.96712     34.8609
   409.794     413.302      0.6386     2.96712     34.8612
   410.300     413.813      0.6369     2.96711     34.8627
   410.805     414.323      0.6345     2.96706     34.8645
   411.311     414.833      0.6331     2.96695     34.8642
   411.816     415.343      0.6331     2.96680     34.8620
   412.321     415.853      0.6327     2.96672     34.8612
   412.824     416.361      0.6325     2.96676     34.8615
   413.329     416.871      0.6322     2.96679     34.8620
   413.837     417.383      0.6298     2.96675     34.8638
   414.345     417.896      0.6279     2.96663     34.8641
   414.853     418.409      0.6277     2.96652     34.8626
   415.357     418.918      0.6284     2.96648     34.8610
   415.860     419.426      0.6274     2.96647     34.8618
   416.364     419.935      0.6265     2.96647     34.8625
   416.870     420.445      0.6258     2.96647     34.8629
   417.374     420.954      0.6241     2.96643     34.8640
   417.875     421.460      0.6243     2.96636     34.8626
   418.375     421.965      0.6231     2.96632     34.8631
   418.874     422.469      0.6229     2.96632     34.8630
   419.375     422.974      0.6236     2.96632     34.8620
   419.875     423.479      0.6236     2.96637     34.8623
   420.377     423.986      0.6236     2.96645     34.8631
   420.883     424.497      0.6236     2.96653     34.8638
   421.390     425.009      0.6241     2.96661     34.8640
   421.898     425.521      0.6243     2.96666     34.8641
   422.403     426.031      0.6236     2.96667     34.8647
   422.907     426.540      0.6231     2.96671     34.8655
   423.412     427.050      0.6224     2.96678     34.8669
   423.918     427.561      0.6234     2.96683     34.8662
   424.425     428.073      0.6244     2.96688     34.8654
   424.931     428.583      0.6247     2.96696     34.8657
   425.434     429.091      0.6251     2.96700     34.8655
   425.933     429.595      0.6237     2.96701     34.8669
   426.432     430.099      0.6242     2.96705     34.8666
   426.933     430.605      0.6254     2.96713     34.8660
   427.435     431.112      0.6247     2.96717     34.8670
   427.939     431.620      0.6230     2.96717     34.8687
   428.440     432.126      0.6232     2.96722     34.8687
   428.937     432.628      0.6235     2.96730     34.8691
   429.431     433.127      0.6254     2.96738     34.8678
   429.923     433.623      0.6247     2.96742     34.8687
   430.415     434.120      0.6235     2.96739     34.8694
   430.908     434.618      0.6239     2.96739     34.8687
   431.405     435.120      0.6225     2.96741     34.8703
   431.904     435.623      0.6225     2.96738     34.8695
   432.399     436.123      0.6220     2.96730     34.8688
   432.893     436.622      0.6213     2.96726     34.8688
   433.389     437.123      0.6203     2.96725     34.8695
   433.889     437.628      0.6189     2.96721     34.8702
   434.391     438.134      0.6184     2.96717     34.8699
   434.891     438.639      0.6177     2.96712     34.8698
   435.387     439.140      0.6177     2.96701     34.8680
   435.881     439.639      0.6173     2.96689     34.8667
   436.373     440.136      0.6161     2.96685     34.8672
   436.867     440.634      0.6154     2.96684     34.8676
   437.362     441.134      0.6135     2.96684     34.8693
   437.859     441.636      0.6106     2.96678     34.8716
   438.357     442.139      0.6096     2.96666     34.8709
   438.853     442.639      0.6087     2.96651     34.8695
   439.346     443.137      0.6089     2.96639     34.8675
   439.841     443.637      0.6082     2.96634     34.8674
   440.339     444.140      0.6082     2.96634     34.8671
   440.839     444.645      0.6068     2.96634     34.8683
   441.341     445.151      0.6041     2.96633     34.8710
   441.844     445.659      0.6034     2.96629     34.8709
   442.345     446.165      0.6032     2.96622     34.8699
   442.840     446.665      0.6028     2.96618     34.8695
   443.331     447.161      0.6024     2.96617     34.8697
   443.825     447.659      0.6017     2.96617     34.8701
   444.321     448.160      0.6010     2.96617     34.8706
   444.819     448.663      0.6005     2.96617     34.8709
   445.317     449.166      0.5993     2.96613     34.8714
   445.817     449.671      0.5986     2.96606     34.8709
   446.317     450.176      0.5991     2.96602     34.8696
   446.816     450.679      0.5993     2.96602     34.8690
   447.317     451.185      0.5981     2.96602     34.8700
   447.819     451.692      0.5969     2.96601     34.8710
   448.321     452.199      0.5957     2.96597     34.8715
   448.821     452.704      0.5950     2.96589     34.8710
   449.317     453.205      0.5950     2.96586     34.8703
   449.810     453.702      0.5950     2.96590     34.8705
   450.302     454.199      0.5945     2.96597     34.8718
   450.798     454.700      0.5938     2.96601     34.8728
   451.297     455.204      0.5933     2.96601     34.8731
   451.797     455.709      0.5926     2.96597     34.8730
   452.298     456.215      0.5921     2.96590     34.8724
   452.796     456.717      0.5919     2.96590     34.8723
   453.292     457.218      0.5916     2.96597     34.8733
   453.788     457.719      0.5916     2.96602     34.8735
   454.291     458.227      0.5924     2.96602     34.8724
   454.797     458.738      0.5902     2.96602     34.8745
   455.304     459.250      0.5907     2.96598     34.8731
   455.810     459.761      0.5904     2.96590     34.8722
   456.312     460.268      0.5895     2.96586     34.8724
   456.812     460.773      0.5902     2.96586     34.8713
   457.312     461.277      0.5892     2.96585     34.8720
   457.813     461.783      0.5868     2.96581     34.8738
   458.317     462.292      0.5849     2.96573     34.8746
   458.820     462.800      0.5832     2.96564     34.8751
   459.322     463.307      0.5813     2.96556     34.8759
   459.820     463.810      0.5816     2.96548     34.8742
   460.314     464.309      0.5820     2.96541     34.8725
   460.810     464.810      0.5806     2.96536     34.8732
   461.310     465.314      0.5801     2.96536     34.8734
   461.815     465.824      0.5789     2.96536     34.8744
   462.322     466.336      0.5782     2.96531     34.8744
   462.831     466.850      0.5777     2.96524     34.8736
   463.338     467.362      0.5765     2.96520     34.8741
   463.838     467.867      0.5753     2.96519     34.8751
   464.336     468.370      0.5751     2.96519     34.8750
   464.835     468.874      0.5753     2.96515     34.8740
   465.340     469.384      0.5727     2.96506     34.8755
   465.847     469.896      0.5698     2.96493     34.8767
   466.350     470.404      0.5684     2.96473     34.8754
   466.849     470.908      0.5672     2.96453     34.8739
   467.345     471.408      0.5676     2.96441     34.8716
   467.838     471.906      0.5657     2.96437     34.8728
   468.330     472.403      0.5640     2.96436     34.8743
   468.824     472.902      0.5626     2.96431     34.8750
   469.318     473.401      0.5621     2.96419     34.8737
   469.811     473.899      0.5595     2.96403     34.8742
   470.302     474.394      0.5571     2.96386     34.8745
   470.793     474.890      0.5578     2.96375     34.8719
   471.285     475.387      0.5573     2.96371     34.8716
   471.781     475.888      0.5556     2.96370     34.8731
   472.279     476.391      0.5537     2.96365     34.8743
   472.779     476.896      0.5515     2.96353     34.8749
   473.279     477.401      0.5493     2.96337     34.8751
   473.782     477.908      0.5493     2.96329     34.8737
   474.281     478.412      0.5483     2.96328     34.8744
   474.775     478.911      0.5474     2.96320     34.8741
   475.268     479.409      0.5471     2.96313     34.8732
   475.764     479.910      0.5452     2.96312     34.8749
   476.263     480.414      0.5435     2.96307     34.8759
   476.762     480.918      0.5411     2.96294     34.8766
   477.261     481.422      0.5397     2.96275     34.8754
   477.758     481.924      0.5402     2.96260     34.8725
   478.257     482.427      0.5404     2.96255     34.8714
   478.755     482.930      0.5392     2.96251     34.8719
   479.255     483.435      0.5366     2.96243     34.8735
   479.758     483.943      0.5342     2.96238     34.8753
   480.264     484.454      0.5344     2.96238     34.8747
   480.771     484.966      0.5327     2.96233     34.8757
   481.279     485.479      0.5313     2.96222     34.8755
   481.785     485.990      0.5313     2.96210     34.8737
   482.290     486.500      0.5313     2.96206     34.8729
   482.797     487.012      0.5303     2.96205     34.8736
   483.306     487.526      0.5284     2.96201     34.8748
   483.815     488.040      0.5277     2.96193     34.8743
   484.324     488.554      0.5263     2.96185     34.8745
   484.831     489.066      0.5241     2.96177     34.8757
   485.335     489.575      0.5241     2.96173     34.8748
   485.834     490.079      0.5241     2.96169     34.8740
   486.335     490.585      0.5236     2.96161     34.8733
   486.839     491.094      0.5224     2.96157     34.8738
   487.344     491.604      0.5207     2.96156     34.8752
   487.852     492.117      0.5193     2.96147     34.8754
   488.361     492.631      0.5179     2.96128     34.8742
   488.872     493.147      0.5167     2.96112     34.8731
   489.382     493.662      0.5167     2.96103     34.8717
   489.893     494.178      0.5145     2.96095     34.8728
   490.410     494.700      0.5135     2.96091     34.8730
   490.936     495.232      0.5121     2.96086     34.8737
   491.474     495.775      0.5116     2.96078     34.8729
   492.019     496.325      0.5099     2.96070     34.8734
   492.568     496.880      0.5085     2.96062     34.8736
   493.120     497.437      0.5080     2.96058     34.8734
   493.667     497.990      0.5078     2.96058     34.8732
   494.207     498.535      0.5066     2.96054     34.8737
   494.739     499.072      0.5037     2.96046     34.8756
   495.265     499.603      0.5032     2.96041     34.8753
   495.787     500.131      0.5020     2.96032     34.8751
   496.303     500.652      0.5013     2.96013     34.8731
   496.812     501.166      0.5013     2.95998     34.8709
   497.316     501.675      0.5013     2.95998     34.8705
   497.818     502.182      0.5003     2.96005     34.8722
   498.321     502.690      0.4988     2.96008     34.8741
   498.826     503.200      0.4974     2.96005     34.8749
   499.334     503.713      0.4952     2.95996     34.8760
   499.841     504.225      0.4952     2.95989     34.8747
   500.344     504.733      0.4952     2.95981     34.8734
   500.843     505.237      0.4942     2.95977     34.8737
   501.340     505.739      0.4933     2.95976     34.8743
   501.837     506.241      0.4935     2.95976     34.8738
   502.336     506.745      0.4914     2.95971     34.8752
   502.837     507.251      0.4890     2.95959     34.8761
   503.339     507.758      0.4886     2.95945     34.8743
   503.839     508.263      0.4882     2.95933     34.8729
   504.335     508.764      0.4875     2.95922     34.8720
   504.828     509.261      0.4863     2.95914     34.8720
   505.321     509.759      0.4851     2.95915     34.8732
   505.817     510.260      0.4839     2.95918     34.8747
   506.317     510.765      0.4837     2.95915     34.8741
   506.819     511.272      0.4834     2.95907     34.8732
   507.321     511.779      0.4825     2.95899     34.8729
   507.821     512.284      0.4822     2.95896     34.8724
   508.319     512.787      0.4803     2.95895     34.8742
   508.816     513.289      0.4801     2.95895     34.8741
   509.316     513.794      0.4803     2.95895     34.8737
   509.820     514.303      0.4786     2.95895     34.8752
   510.329     514.817      0.4772     2.95890     34.8759
   510.839     515.332      0.4767     2.95878     34.8746
   511.345     515.844      0.4760     2.95863     34.8731
   511.851     516.355      0.4755     2.95856     34.8724
   512.355     516.864      0.4743     2.95859     34.8738
   512.858     517.372      0.4736     2.95862     34.8747
   513.362     517.881      0.4731     2.95858     34.8745
   513.867     518.391      0.4710     2.95846     34.8750
   514.373     518.902      0.4693     2.95834     34.8750
   514.877     519.411      0.4695     2.95826     34.8734
   515.377     519.916      0.4687     2.95818     34.8730
   515.874     520.418      0.4682     2.95814     34.8728
   516.370     520.919      0.4675     2.95814     34.8732
   516.866     521.420      0.4656     2.95813     34.8750
   517.364     521.923      0.4627     2.95808     34.8773
   517.865     522.429      0.4632     2.95797     34.8750
   518.366     522.935      0.4629     2.95786     34.8736
   518.866     523.440      0.4610     2.95781     34.8747
   519.363     523.942      0.4598     2.95776     34.8752
   519.855     524.439      0.4586     2.95765     34.8748
   520.348     524.937      0.4574     2.95756     34.8747
   520.845     525.439      0.4562     2.95751     34.8751
   521.347     525.946      0.4550     2.95739     34.8746
   521.850     526.454      0.4543     2.95727     34.8735
   522.353     526.962      0.4533     2.95715     34.8728
   522.855     527.469      0.4519     2.95703     34.8725
   523.353     527.972      0.4509     2.95699     34.8728
   523.847     528.471      0.4495     2.95698     34.8740
   524.342     528.971      0.4495     2.95699     34.8737
   524.841     529.475      0.4485     2.95698     34.8745
   525.345     529.984      0.4461     2.95693     34.8763
   525.851     530.495      0.4442     2.95677     34.8760
   526.358     531.007      0.4440     2.95659     34.8735
   526.865     531.519      0.4442     2.95651     34.8719
   527.369     532.028      0.4430     2.95650     34.8729
   527.871     532.535      0.4413     2.95649     34.8744
   528.373     533.042      0.4403     2.95649     34.8752
   528.878     533.552      0.4405     2.95645     34.8742
   529.385     534.065      0.4388     2.95638     34.8748
   529.893     534.578      0.4369     2.95633     34.8761
   530.397     535.087      0.4362     2.95628     34.8759
   530.896     535.591      0.4362     2.95617     34.8742
   531.394     536.094      0.4357     2.95606     34.8730
   531.892     536.597      0.4340     2.95601     34.8740
   532.393     537.103      0.4326     2.95600     34.8751
   532.896     537.611      0.4321     2.95596     34.8748
   533.399     538.119      0.4304     2.95584     34.8749
   533.902     538.627      0.4285     2.95568     34.8747
   534.401     539.131      0.4283     2.95557     34.8731
   534.898     539.633      0.4280     2.95552     34.8726
   535.395     540.135      0.4256     2.95551     34.8748
   535.896     540.641      0.4237     2.95546     34.8760
   536.398     541.148      0.4225     2.95535     34.8756
   536.901     541.656      0.4218     2.95523     34.8746
   537.403     542.163      0.4213     2.95519     34.8742
   537.901     542.666      0.4206     2.95514     34.8742
   538.394     543.164      0.4206     2.95507     34.8729
   538.884     543.659      0.4201     2.95503     34.8727
   539.375     544.155      0.4184     2.95503     34.8742
   539.870     544.655      0.4165     2.95498     34.8755
   540.370     545.160      0.4152     2.95490     34.8756
   540.871     545.667      0.4140     2.95481     34.8755
   541.374     546.175      0.4123     2.95465     34.8749
   541.875     546.681      0.4109     2.95442     34.8732
   542.375     547.186      0.4099     2.95426     34.8720
   542.875     547.691      0.4080     2.95421     34.8731
   543.378     548.199      0.4073     2.95420     34.8735
   543.884     548.710      0.4063     2.95416     34.8738
   544.390     549.221      0.4049     2.95409     34.8741
   544.892     549.728      0.4054     2.95405     34.8728
   545.389     550.230      0.4051     2.95405     34.8728
   545.884     550.730      0.4032     2.95404     34.8746
   546.379     551.230      0.4030     2.95405     34.8746
   546.878     551.734      0.4027     2.95404     34.8746
   547.382     552.244      0.4008     2.95400     34.8758
   547.888     552.755      0.3996     2.95388     34.8754
   548.393     553.265      0.3984     2.95376     34.8749
   548.893     553.770      0.3977     2.95368     34.8743
   549.391     554.273      0.3977     2.95361     34.8730
   549.887     554.774      0.3972     2.95357     34.8728
   550.383     555.275      0.3955     2.95356     34.8742
   550.882     555.779      0.3950     2.95351     34.8740
   551.383     556.285      0.3955     2.95340     34.8716
   551.885     556.792      0.3926     2.95328     34.8730
   552.385     557.297      0.3904     2.95319     34.8740
   552.881     557.799      0.3904     2.95311     34.8727
   553.374     558.297      0.3894     2.95303     34.8724
   553.867     558.795      0.3880     2.95295     34.8727
   554.365     559.298      0.3870     2.95291     34.8730
   554.866     559.804      0.3851     2.95290     34.8747
   555.369     560.312      0.3834     2.95285     34.8757
   555.872     560.820      0.3820     2.95274     34.8755
   556.374     561.327      0.3820     2.95262     34.8737
   556.872     561.830      0.3820     2.95258     34.8728
   557.366     562.329      0.3810     2.95253     34.8731
   557.860     562.828      0.3791     2.95246     34.8739
   558.358     563.331      0.3774     2.95241     34.8749
   558.860     563.838      0.3745     2.95232     34.8767
   559.364     564.348      0.3728     2.95216     34.8763
   559.868     564.857      0.3726     2.95204     34.8746
   560.371     565.365      0.3711     2.95196     34.8749
   560.871     565.870      0.3711     2.95188     34.8736
   561.368     566.372      0.3701     2.95180     34.8734
   561.865     566.874      0.3677     2.95175     34.8752
   562.367     567.381      0.3663     2.95171     34.8758
   562.874     567.894      0.3661     2.95163     34.8748
   563.382     568.407      0.3657     2.95158     34.8743
   563.887     568.917      0.3653     2.95154     34.8739
   564.385     569.420      0.3641     2.95148     34.8742
   564.881     569.921      0.3622     2.95140     34.8750
   565.380     570.425      0.3615     2.95131     34.8743
   565.880     570.930      0.3601     2.95127     34.8750
   566.381     571.436      0.3574     2.95126     34.8776
   566.881     571.942      0.3567     2.95122     34.8776
   567.381     572.447      0.3562     2.95114     34.8769
   567.880     572.951      0.3555     2.95106     34.8763
   568.377     573.453      0.3565     2.95099     34.8739
   568.875     573.956      0.3565     2.95095     34.8731
   569.374     574.460      0.3533     2.95093     34.8763
   569.876     574.967      0.3519     2.95089     34.8769
   570.378     575.474      0.3514     2.95077     34.8757
   570.877     575.979      0.3496     2.95061     34.8753
   571.373     576.480      0.3487     2.95045     34.8739
   571.866     576.978      0.3484     2.95029     34.8718
   572.358     577.475      0.3465     2.95017     34.8721
   572.854     577.976      0.3453     2.95012     34.8725
   573.354     578.481      0.3432     2.95007     34.8739
   573.855     578.987      0.3405     2.94995     34.8751
   574.355     579.492      0.3388     2.94982     34.8751
   574.853     579.995      0.3374     2.94974     34.8752
   575.347     580.495      0.3369     2.94962     34.8740
   575.841     580.994      0.3367     2.94950     34.8724
   576.335     581.493      0.3360     2.94946     34.8723
   576.833     581.996      0.3328     2.94945     34.8755
   577.333     582.501      0.3309     2.94941     34.8768
   577.833     583.006      0.3307     2.94934     34.8758
   578.332     583.510      0.3314     2.94930     34.8743
   578.828     584.011      0.3314     2.94934     34.8745
   579.319     584.507      0.3304     2.94942     34.8763
   579.810     585.003      0.3284     2.94945     34.8787
   580.304     585.503      0.3282     2.94942     34.8782
   580.801     586.005      0.3284     2.94934     34.8767
   581.300     586.509      0.3277     2.94926     34.8761
   581.798     587.012      0.3272     2.94914     34.8748
   582.292     587.511      0.3251     2.94902     34.8754
   582.783     588.007      0.3234     2.94898     34.8764
   583.272     588.501      0.3236     2.94898     34.8759
   583.760     588.994      0.3229     2.94902     34.8769
   584.248     589.487      0.3234     2.94910     34.8771
   584.739     589.983      0.3241     2.94914     34.8766
   585.234     590.483      0.3236     2.94914     34.8768
   585.731     590.986      0.3219     2.94906     34.8774
   586.229     591.489      0.3205     2.94891     34.8767
   586.721     591.986      0.3200     2.94883     34.8759
   587.210     592.480      0.3193     2.94882     34.8763
   587.698     592.973      0.3183     2.94882     34.8771
   588.188     593.468      0.3169     2.94878     34.8779
   588.682     593.967      0.3159     2.94874     34.8783
   589.178     594.468      0.3155     2.94878     34.8789
   589.674     594.969      0.3169     2.94882     34.8776
   590.167     595.468      0.3164     2.94883     34.8779
   590.660     595.966      0.3171     2.94883     34.8769
   591.151     596.462      0.3179     2.94883     34.8758
   591.643     596.959      0.3152     2.94882     34.8784
   592.138     597.459      0.3140     2.94878     34.8788
   592.636     597.962      0.3133     2.94866     34.8778
   593.133     598.464      0.3123     2.94855     34.8771
   593.629     598.965      0.3109     2.94850     34.8778
   594.120     599.461      0.3104     2.94845     34.8774
   594.607     599.954      0.3086     2.94837     34.8781
   595.097     600.449      0.3067     2.94828     34.8788
   595.592     600.949      0.3050     2.94816     34.8788
   596.089     601.451      0.3026     2.94800     34.8791
   596.586     601.953      0.3012     2.94788     34.8789
   597.082     602.454      0.3012     2.94788     34.8785
   597.578     602.955      0.3012     2.94791     34.8787
   598.070     603.452      0.3002     2.94788     34.8790
   598.560     603.948      0.2988     2.94784     34.8798
   599.053     604.446      0.2988     2.94783     34.8795
   599.547     604.945      0.2988     2.94780     34.8787
   600.042     605.445      0.2978     2.94776     34.8791
   600.535     605.943      0.2974     2.94775     34.8792
   601.029     606.442      0.2983     2.94772     34.8774
   601.524     606.942      0.2957     2.94763     34.8789
   602.017     607.441      0.2938     2.94755     34.8796
   602.514     607.943      0.2938     2.94746     34.8782
   603.015     608.449      0.2901     2.94734     34.8804
   603.519     608.958      0.2884     2.94718     34.8800
   604.024     609.468      0.2891     2.94706     34.8773
   604.524     609.974      0.2877     2.94697     34.8775
   605.021     610.476      0.2855     2.94689     34.8786
   605.516     610.976      0.2850     2.94685     34.8783
   606.012     611.477      0.2843     2.94685     34.8788
   606.509     611.979      0.2843     2.94685     34.8785
   607.007     612.483      0.2833     2.94685     34.8793
   607.508     612.989      0.2814     2.94680     34.8806
   608.011     613.497      0.2812     2.94673     34.8795
   608.511     614.002      0.2809     2.94665     34.8785
   609.007     614.503      0.2790     2.94657     34.8794
   609.502     615.004      0.2788     2.94657     34.8793
   610.002     615.509      0.2790     2.94660     34.8791
   610.505     616.017      0.2778     2.94652     34.8792
   611.010     616.527      0.2771     2.94640     34.8781
   611.515     617.038      0.2761     2.94628     34.8773
   612.018     617.546      0.2732     2.94611     34.8781
   612.518     618.051      0.2710     2.94599     34.8787
   613.015     618.553      0.2710     2.94591     34.8773
   613.509     619.053      0.2705     2.94587     34.8771
   614.004     619.553      0.2693     2.94586     34.8781
   614.502     620.056      0.2681     2.94586     34.8790
   615.001     620.560      0.2664     2.94577     34.8795
   615.500     621.064      0.2640     2.94557     34.8793
   615.998     621.568      0.2612     2.94537     34.8795
   616.497     622.072      0.2600     2.94520     34.8784
   616.993     622.573      0.2600     2.94509     34.8766
   617.489     623.074      0.2573     2.94504     34.8787
   617.988     623.578      0.2566     2.94503     34.8791
   618.490     624.086      0.2561     2.94499     34.8789
   618.994     624.595      0.2543     2.94491     34.8796
   619.498     625.104      0.2534     2.94487     34.8798
   619.999     625.611      0.2536     2.94483     34.8787
   620.497     626.114      0.2529     2.94476     34.8782
   620.990     626.612      0.2519     2.94472     34.8785
   621.483     627.110      0.2510     2.94471     34.8792
   621.979     627.611      0.2498     2.94467     34.8797
   622.477     628.115      0.2471     2.94459     34.8814
   622.978     628.621      0.2475     2.94454     34.8799
   623.477     629.125      0.2479     2.94450     34.8787
   623.973     629.626      0.2481     2.94445     34.8775
   624.465     630.124      0.2476     2.94441     34.8773
   624.955     630.619      0.2459     2.94439     34.8787
   625.446     631.115      0.2450     2.94435     34.8788
   625.938     631.612      0.2452     2.94427     34.8774
   626.432     632.111      0.2440     2.94423     34.8778
   626.931     632.615      0.2423     2.94418     34.8788
   627.434     633.124      0.2398     2.94410     34.8803
   627.941     633.636      0.2394     2.94402     34.8794
   628.449     634.149      0.2403     2.94394     34.8771
   628.956     634.662      0.2396     2.94390     34.8770
   629.461     635.172      0.2391     2.94386     34.8767
   629.965     635.681      0.2365     2.94377     34.8782
   630.468     636.190      0.2331     2.94364     34.8800
   630.972     636.699      0.2314     2.94344     34.8790
   631.476     637.208      0.2309     2.94328     34.8772
   631.976     637.714      0.2314     2.94320     34.8752
   632.475     638.218      0.2289     2.94311     34.8767
   632.972     638.720      0.2270     2.94307     34.8779
   633.469     639.222      0.2258     2.94302     34.8783
   633.964     639.723      0.2251     2.94290     34.8772
   634.461     640.225      0.2241     2.94274     34.8760
   634.958     640.727      0.2222     2.94262     34.8763
   635.453     641.227      0.2215     2.94258     34.8762
   635.944     641.724      0.2215     2.94258     34.8759
   636.430     642.215      0.2205     2.94258     34.8768
   636.916     642.706      0.2190     2.94258     34.8781
   637.403     643.198      0.2185     2.94258     34.8784
   637.893     643.693      0.2178     2.94257     34.8789
   638.380     644.185      0.2173     2.94253     34.8786
   638.864     644.674      0.2156     2.94246     34.8793
   639.342     645.157      0.2152     2.94242     34.8789
   639.813     645.633      0.2152     2.94242     34.8786
   640.273     646.098      0.2130     2.94241     34.8808
   640.722     646.552      0.2125     2.94237     34.8805
   641.162     646.997      0.2118     2.94229     34.8800
   641.588     647.427      0.2108     2.94220     34.8797
   641.992     647.836      0.2089     2.94203     34.8794
   642.371     648.219      0.2076     2.94177     34.8771
   642.718     648.569      0.2045     2.94157     34.8778
   643.023     648.877      0.2028     2.94155     34.8794
   643.277     649.134      0.2057     2.94163     34.8770
   643.484     649.343      0.2047     2.94167     34.8785
   643.647     649.508      0.2038     2.94163     34.8789
   643.778     649.640      0.2045     2.94156     34.8771
   643.882     649.746      0.2045     2.94149     34.8761
   643.967     649.831      0.2035     2.94149     34.8771
   644.031     649.896      0.2021     2.94156     34.8796
   644.075     649.941      0.2011     2.94159     34.8812
   644.099     649.965      0.2002     2.94155     34.8817
