North Pole Environmental Observatory   ÑÑÑ   2000 Aerial CTD Survey
Cast 3        89deg 08.4' N _  64deg 27.4' E       4/23/2000 _ 2030 UTC

  Depth(m)  Pres(dbar)     Temp(degC)   Cond(S/m)    Sal(psu)
#
     0.650       0.655      -1.8071     2.61216     33.0782
     0.658       0.663      -1.8066     2.61220     33.0782
     0.668       0.673      -1.8081     2.61243     33.0831
     0.682       0.687      -1.8076     2.61238     33.0820
     0.699       0.704      -1.8068     2.61240     33.0812
     0.722       0.727      -1.8063     2.61218     33.0777
     0.750       0.756      -1.8065     2.61167     33.0708
     0.788       0.794      -1.8085     2.61147     33.0702
     0.836       0.842      -1.8088     2.61164     33.0729
     0.898       0.905      -1.8080     2.61115     33.0652
     0.978       0.985      -1.8085     2.61000     33.0495
     1.080       1.088      -1.8097     2.60961     33.0455
     1.209       1.218      -1.8095     2.60957     33.0446
     1.370       1.380      -1.8100     2.60872     33.0333
     1.565       1.577      -1.8125     2.60795     33.0251
     1.795       1.809      -1.8122     2.60774     33.0218
     2.059       2.075      -1.8124     2.60769     33.0211
     2.353       2.371      -1.8112     2.60769     33.0196
     2.674       2.694      -1.8109     2.60773     33.0196
     3.014       3.037      -1.8111     2.60781     33.0207
     3.365       3.391      -1.8104     2.60785     33.0203
     3.725       3.753      -1.8109     2.60785     33.0206
     4.086       4.117      -1.8111     2.60785     33.0206
     4.441       4.475      -1.8109     2.60785     33.0202
     4.782       4.818      -1.8116     2.60785     33.0207
     5.101       5.140      -1.8126     2.60785     33.0216
     5.396       5.437      -1.8121     2.60785     33.0210
     5.657       5.700      -1.8096     2.60790     33.0187
     5.873       5.918      -1.8108     2.60798     33.0209
     6.042       6.088      -1.8105     2.60802     33.0210
     6.171       6.218      -1.8095     2.60802     33.0199
     6.266       6.314      -1.8098     2.60802     33.0201
     6.338       6.386      -1.8095     2.60802     33.0198
     6.393       6.442      -1.8102     2.60802     33.0205
     6.439       6.488      -1.8097     2.60802     33.0199
     6.477       6.526      -1.8095     2.60802     33.0197
     6.510       6.560      -1.8102     2.60802     33.0204
     6.541       6.591      -1.8097     2.60802     33.0199
     6.568       6.618      -1.8089     2.60802     33.0190
     6.591       6.641      -1.8094     2.60802     33.0195
     6.608       6.658      -1.8097     2.60802     33.0198
     6.619       6.669      -1.8099     2.60802     33.0200
     6.627       6.677      -1.8104     2.60802     33.0206
     6.630       6.680      -1.8089     2.60802     33.0189
     6.630       6.680      -1.8094     2.60802     33.0195
     6.629       6.679      -1.8101     2.60802     33.0202
     6.628       6.678      -1.8096     2.60802     33.0197
     6.625       6.675      -1.8093     2.60802     33.0194
     6.621       6.671      -1.8096     2.60802     33.0197
     6.619       6.669      -1.8093     2.60802     33.0194
     6.622       6.672      -1.8101     2.60802     33.0202
     6.628       6.678      -1.8095     2.60802     33.0196
     6.636       6.687      -1.8083     2.60803     33.0183
     6.647       6.698      -1.8080     2.60803     33.0180
     6.659       6.710      -1.8093     2.60802     33.0194
     6.672       6.723      -1.8095     2.60802     33.0195
     6.684       6.735      -1.8087     2.60798     33.0181
     6.695       6.746      -1.8082     2.60795     33.0171
     6.710       6.761      -1.8075     2.60798     33.0167
     6.730       6.781      -1.8070     2.60798     33.0162
     6.758       6.809      -1.8067     2.60795     33.0154
     6.796       6.848      -1.8069     2.60798     33.0160
     6.850       6.902      -1.8067     2.60798     33.0158
     6.919       6.972      -1.8079     2.60794     33.0166
     7.009       7.062      -1.8081     2.60798     33.0172
     7.123       7.177      -1.8079     2.60798     33.0169
     7.268       7.323      -1.8091     2.60794     33.0176
     7.446       7.503      -1.8109     2.60793     33.0193
     7.665       7.723      -1.8113     2.60789     33.0191
     7.930       7.990      -1.8108     2.60785     33.0179
     8.243       8.306      -1.8113     2.60785     33.0182
     8.607       8.673      -1.8103     2.60790     33.0175
     9.023       9.092      -1.8106     2.60797     33.0186
     9.487       9.559      -1.8103     2.60801     33.0185
     9.994      10.070      -1.8100     2.60802     33.0180
    10.542      10.622      -1.8095     2.60802     33.0171
    11.125      11.210      -1.8105     2.60806     33.0184
    11.739      11.829      -1.8092     2.60814     33.0176
    12.380      12.474      -1.8090     2.60814     33.0170
    13.038      13.137      -1.8102     2.60811     33.0175
    13.707      13.812      -1.8105     2.60814     33.0179
    14.389      14.499      -1.8107     2.60818     33.0183
    15.085      15.200      -1.8117     2.60822     33.0195
    15.791      15.912      -1.8109     2.60830     33.0193
    16.504      16.630      -1.8114     2.60834     33.0199
    17.222      17.354      -1.8117     2.60835     33.0199
    17.946      18.083      -1.8109     2.60839     33.0191
    18.675      18.818      -1.8104     2.60843     33.0186
    19.408      19.556      -1.8096     2.60844     33.0175
    20.140      20.294      -1.8101     2.60852     33.0186
    20.870      21.030      -1.8109     2.60863     33.0206
    21.599      21.764      -1.8113     2.60868     33.0213
    22.326      22.497      -1.8111     2.60877     33.0218
    23.052      23.228      -1.8096     2.60893     33.0219
    23.778      23.960      -1.8096     2.60908     33.0236
    24.507      24.695      -1.8090     2.60947     33.0279
    25.238      25.431      -1.8063     2.61104     33.0462
    25.967      26.166      -1.8018     2.61416     33.0842
    26.695      26.900      -1.7985     2.61800     33.1336
    27.422      27.632      -1.7960     2.62235     33.1908
    28.142      28.358      -1.7930     2.62744     33.2579
    28.853      29.074      -1.7892     2.63209     33.3179
    29.553      29.780      -1.7860     2.63557     33.3622
    30.242      30.474      -1.7860     2.63911     33.4112
    30.922      31.159      -1.7867     2.64288     33.4641
    31.595      31.837      -1.7835     2.64611     33.5050
    32.260      32.508      -1.7809     2.64861     33.5364
    32.916      33.169      -1.7794     2.65058     33.5618
    33.563      33.821      -1.7774     2.65283     33.5905
    34.201      34.464      -1.7734     2.65521     33.6187
    34.834      35.102      -1.7714     2.65724     33.6443
    35.466      35.738      -1.7702     2.65908     33.6682
    36.102      36.379      -1.7689     2.66065     33.6881
    36.742      37.024      -1.7707     2.66200     33.7086
    37.386      37.673      -1.7764     2.66352     33.7358
    38.031      38.323      -1.7774     2.66538     33.7626
    38.660      38.957      -1.7739     2.66705     33.7814
    39.263      39.565      -1.7736     2.66787     33.7922
    39.841      40.148      -1.7739     2.66829     33.7979
    40.405      40.716      -1.7706     2.66909     33.8050
    40.957      41.272      -1.7649     2.67044     33.8170
    41.500      41.819      -1.7589     2.67219     33.8341
    42.031      42.355      -1.7534     2.67402     33.8530
    42.557      42.885      -1.7524     2.67531     33.8696
    43.081      43.413      -1.7522     2.67589     33.8770
    43.605      43.941      -1.7512     2.67618     33.8796
    44.137      44.477      -1.7514     2.67660     33.8853
    44.682      45.026      -1.7497     2.67764     33.8975
    45.246      45.595      -1.7447     2.67974     33.9207
    45.837      46.190      -1.7394     2.68215     33.9478
    46.461      46.819      -1.7354     2.68384     33.9664
    47.125      47.488      -1.7259     2.68527     33.9751
    47.825      48.194      -1.7167     2.68693     33.9871
    48.548      48.923      -1.7052     2.68916     34.0046
    49.282      49.662      -1.6920     2.69225     34.0319
    50.009      50.395      -1.6820     2.69523     34.0615
    50.723      51.115      -1.6763     2.69706     34.0799
    51.421      51.818      -1.6728     2.69785     34.0865
    52.104      52.506      -1.6736     2.69816     34.0913
    52.769      53.177      -1.6753     2.69833     34.0952
    53.416      53.829      -1.6746     2.69853     34.0968
    54.049      54.467      -1.6751     2.69876     34.1002
    54.670      55.093      -1.6753     2.69900     34.1033
    55.284      55.711      -1.6741     2.69924     34.1049
    55.890      56.322      -1.6743     2.69943     34.1074
    56.489      56.926      -1.6763     2.69955     34.1109
    57.084      57.525      -1.6776     2.69962     34.1130
    57.677      58.123      -1.6793     2.69965     34.1150
    58.269      58.720      -1.6818     2.69961     34.1169
    58.864      59.319      -1.6833     2.69957     34.1176
    59.459      59.919      -1.6828     2.69960     34.1172
    60.053      60.518      -1.6820     2.69972     34.1176
    60.651      61.121      -1.6815     2.69992     34.1194
    61.257      61.731      -1.6808     2.70017     34.1216
    61.869      62.348      -1.6813     2.70045     34.1257
    62.492      62.976      -1.6840     2.70071     34.1320
    63.130      63.619      -1.6885     2.70081     34.1383
    63.780      64.274      -1.6913     2.70076     34.1403
    64.439      64.938      -1.6980     2.70046     34.1435
    65.103      65.608      -1.7085     2.70003     34.1491
    65.773      66.283      -1.7107     2.69992     34.1496
    66.445      66.960      -1.7142     2.69983     34.1520
    67.122      67.643      -1.7204     2.69946     34.1535
    67.806      68.332      -1.7219     2.69930     34.1526
    68.494      69.026      -1.7169     2.69983     34.1537
    69.189      69.726      -1.7025     2.70116     34.1553
    69.893      70.436      -1.6870     2.70277     34.1594
    70.609      71.157      -1.6755     2.70396     34.1623
    71.336      71.890      -1.6661     2.70484     34.1632
    72.075      72.635      -1.6573     2.70574     34.1652
    72.824      73.390      -1.6471     2.70690     34.1691
    73.581      74.153      -1.6366     2.70818     34.1743
    74.347      74.925      -1.6262     2.70948     34.1799
    75.119      75.703      -1.6043     2.71163     34.1840
    75.894      76.484      -1.5759     2.71464     34.1928
    76.669      77.265      -1.5490     2.71774     34.2043
    77.445      78.048      -1.5194     2.72057     34.2089
    78.221      78.830      -1.4968     2.72287     34.2144
    78.994      79.609      -1.4752     2.72512     34.2203
    79.765      80.386      -1.4374     2.72887     34.2282
    80.534      81.161      -1.3786     2.73462     34.2397
    81.300      81.933      -1.3253     2.74051     34.2593
    82.063      82.702      -1.2807     2.74536     34.2744
    82.825      83.471      -1.2421     2.74962     34.2882
    83.588      84.240      -1.2008     2.75381     34.2980
    84.350      85.008      -1.1671     2.75738     34.3080
    85.107      85.771      -1.1491     2.75958     34.3170
    85.861      86.531      -1.1355     2.76103     34.3208
    86.612      87.288      -1.1229     2.76236     34.3242
    87.360      88.042      -1.1108     2.76360     34.3268
    88.103      88.791      -1.1016     2.76458     34.3292
    88.839      89.533      -1.0992     2.76509     34.3330
    89.570      90.270      -1.0962     2.76529     34.3318
    90.295      91.000      -1.0945     2.76544     34.3314
    91.014      91.725      -1.0922     2.76574     34.3326
    91.724      92.441      -1.0755     2.76712     34.3318
    92.424      93.146      -1.0432     2.77010     34.3352
    93.112      93.840      -1.0150     2.77328     34.3460
    93.790      94.523      -0.9822     2.77698     34.3586
    94.449      95.188      -0.9103     2.78390     34.3704
    95.089      95.833      -0.8292     2.79216     34.3897
    95.709      96.458      -0.7862     2.79715     34.4080
    96.310      97.064      -0.7675     2.79899     34.4112
    96.896      97.654      -0.7552     2.80005     34.4112
    97.471      98.234      -0.7398     2.80132     34.4106
    98.045      98.813      -0.7255     2.80265     34.4119
    98.631      99.403      -0.7145     2.80358     34.4116
    99.236     100.013      -0.7076     2.80425     34.4124
    99.867     100.649      -0.6980     2.80519     34.4138
   100.523     101.311      -0.6833     2.80660     34.4158
   101.203     101.996      -0.6711     2.80799     34.4203
   101.900     102.699      -0.6610     2.80912     34.4236
   102.612     103.417      -0.6483     2.81041     34.4261
   103.336     104.146      -0.6294     2.81216     34.4277
   104.064     104.880      -0.6088     2.81414     34.4307
   104.792     105.614      -0.5885     2.81650     34.4389
   105.520     106.348      -0.5523     2.81970     34.4404
   106.250     107.084      -0.5205     2.82286     34.4464
   106.981     107.821      -0.5002     2.82529     34.4557
   107.710     108.556      -0.4797     2.82750     34.4616
   108.435     109.287      -0.4577     2.82976     34.4666
   109.153     110.011      -0.4343     2.83209     34.4709
   109.865     110.728      -0.4125     2.83426     34.4748
   110.567     111.436      -0.4001     2.83572     34.4799
   111.263     112.138      -0.3933     2.83650     34.4823
   111.958     112.838      -0.3788     2.83782     34.4830
   112.651     113.537      -0.3535     2.84012     34.4847
   113.343     114.235      -0.3313     2.84248     34.4908
   114.036     114.933      -0.3144     2.84433     34.4959
   114.731     115.634      -0.3025     2.84567     34.4999
   115.429     116.338      -0.2891     2.84692     34.5011
   116.130     117.044      -0.2757     2.84840     34.5052
   116.837     117.757      -0.2623     2.84998     34.5107
   117.550     118.476      -0.2475     2.85156     34.5146
   118.268     119.200      -0.2304     2.85312     34.5157
   118.992     119.930      -0.2090     2.85512     34.5176
   119.723     120.667      -0.1874     2.85739     34.5231
   120.461     121.411      -0.1762     2.85892     34.5303
   121.203     122.159      -0.1659     2.85990     34.5313
   121.947     122.909      -0.1550     2.86089     34.5316
   122.693     123.661      -0.1474     2.86162     34.5324
   123.440     124.414      -0.1421     2.86226     34.5344
   124.191     125.171      -0.1319     2.86330     34.5363
   124.950     125.936      -0.1200     2.86461     34.5398
   125.716     126.709      -0.1066     2.86587     34.5410
   126.489     127.488      -0.0938     2.86705     34.5416
   127.265     128.270      -0.0841     2.86800     34.5429
   128.039     129.051      -0.0799     2.86860     34.5456
   128.815     129.833      -0.0782     2.86893     34.5476
   129.590     130.614      -0.0748     2.86930     34.5482
   130.361     131.392      -0.0675     2.86996     34.5483
   131.129     132.166      -0.0532     2.87111     34.5470
   131.895     132.938      -0.0319     2.87310     34.5489
   132.656     133.705      -0.0061     2.87588     34.5561
   133.412     134.468       0.0184     2.87856     34.5635
   134.166     135.228       0.0372     2.88062     34.5692
   134.918     135.986       0.0549     2.88246     34.5730
   135.666     136.740       0.0709     2.88420     34.5776
   136.415     137.495       0.0840     2.88557     34.5805
   137.164     138.251       0.0953     2.88675     34.5829
   137.913     139.006       0.1080     2.88812     34.5863
   138.663     139.762       0.1203     2.88949     34.5900
   139.416     140.521       0.1302     2.89060     34.5931
   140.175     141.286       0.1411     2.89162     34.5939
   140.940     142.058       0.1518     2.89257     34.5939
   141.714     142.838       0.1552     2.89321     34.5981
   142.493     143.624       0.1583     2.89363     34.5996
   143.280     144.417       0.1624     2.89412     34.6009
   144.071     145.215       0.1679     2.89483     34.6037
   144.868     146.018       0.1825     2.89612     34.6038
   145.670     146.827       0.2011     2.89803     34.6075
   146.475     147.639       0.2171     2.89982     34.6126
   147.285     148.455       0.2260     2.90086     34.6158
   148.097     149.274       0.2315     2.90130     34.6148
   148.912     150.096       0.2349     2.90154     34.6137
   149.727     150.918       0.2405     2.90211     34.6144
   150.540     151.737       0.2506     2.90314     34.6161
   151.351     152.555       0.2560     2.90392     34.6199
   152.163     153.374       0.2579     2.90424     34.6214
   152.974     154.192       0.2610     2.90456     34.6216
   153.782     155.006       0.2700     2.90536     34.6216
   154.585     155.816       0.2803     2.90648     34.6242
   155.383     156.621       0.2902     2.90762     34.6276
   156.176     157.420       0.3059     2.90903     34.6280
   156.961     158.212       0.3187     2.91038     34.6309
   157.741     158.998       0.3252     2.91112     34.6329
   158.517     159.781       0.3269     2.91138     34.6339
   159.289     160.559       0.3257     2.91146     34.6357
   160.056     161.333       0.3260     2.91154     34.6360
   160.822     162.105       0.3303     2.91184     34.6346
   161.587     162.876       0.3418     2.91295     34.6358
   162.348     163.644       0.3585     2.91477     34.6405
   163.107     164.409       0.3735     2.91646     34.6454
   163.862     165.170       0.3930     2.91835     34.6478
   164.611     165.926       0.4206     2.92091     34.6499
   165.355     166.676       0.4414     2.92305     34.6542
   166.096     167.423       0.4443     2.92385     34.6609
   166.837     168.170       0.4462     2.92403     34.6607
   167.576     168.915       0.4544     2.92478     34.6608
   168.311     169.657       0.4719     2.92658     34.6643
   169.046     170.398       0.4960     2.92914     34.6703
   169.779     171.137       0.5176     2.93153     34.6768
   170.512     171.876       0.5280     2.93275     34.6808
   171.247     172.617       0.5307     2.93320     34.6832
   171.979     173.355       0.5463     2.93460     34.6835
   172.709     174.092       0.5679     2.93686     34.6883
   173.439     174.828       0.5823     2.93856     34.6939
   174.169     175.564       0.5991     2.94016     34.6955
   174.900     176.301       0.6271     2.94303     34.7011
   175.629     177.036       0.6629     2.94678     34.7094
   176.355     177.768       0.6847     2.94938     34.7184
   177.078     178.497       0.6977     2.95081     34.7220
   177.796     179.221       0.7133     2.95214     34.7214
   178.511     179.942       0.7228     2.95313     34.7232
   179.220     180.657       0.7259     2.95350     34.7241
   179.924     181.367       0.7252     2.95358     34.7254
   180.626     182.075       0.7262     2.95363     34.7246
   181.321     182.776       0.7262     2.95368     34.7248
   182.012     183.473       0.7245     2.95368     34.7263
   182.699     184.166       0.7243     2.95364     34.7256
   183.385     184.858       0.7248     2.95381     34.7269
   184.071     185.549       0.7334     2.95455     34.7264
   184.759     186.243       0.7516     2.95623     34.7275
   185.449     186.939       0.7784     2.95901     34.7331
   186.143     187.639       0.8057     2.96191     34.7399
   186.837     188.339       0.8253     2.96406     34.7453
   187.532     189.040       0.8354     2.96529     34.7495
   188.228     189.742       0.8354     2.96563     34.7536
   188.923     190.443       0.8349     2.96556     34.7528
   189.617     191.142       0.8332     2.96541     34.7523
   190.310     191.841       0.8304     2.96525     34.7530
   190.999     192.536       0.8277     2.96513     34.7541
   191.687     193.230       0.8265     2.96498     34.7530
   192.377     193.926       0.8239     2.96474     34.7525
   193.069     194.624       0.8206     2.96443     34.7517
   193.763     195.324       0.8175     2.96413     34.7508
   194.459     196.026       0.8129     2.96385     34.7519
   195.157     196.730       0.8110     2.96360     34.7504
   195.859     197.438       0.8108     2.96359     34.7501
   196.563     198.148       0.8153     2.96422     34.7527
   197.267     198.858       0.8326     2.96598     34.7558
   197.970     199.567       0.8536     2.96811     34.7596
   198.674     200.277       0.8583     2.96908     34.7665
   199.376     200.985       0.8607     2.96958     34.7697
   200.078     201.692       0.8727     2.97085     34.7723
   200.779     202.399       0.8863     2.97233     34.7759
   201.477     203.103       0.8938     2.97311     34.7772
   202.174     203.806       0.8938     2.97320     34.7780
   202.871     204.509       0.8930     2.97320     34.7785
   203.569     205.213       0.9019     2.97412     34.7800
   204.266     205.916       0.9181     2.97638     34.7907
   204.959     206.615       0.9336     2.97856     34.8011
   205.648     207.310       0.9492     2.97959     34.7965
   206.336     208.004       0.9571     2.98002     34.7929
   207.022     208.696       0.9549     2.98028     34.7983
   207.706     209.386       0.9549     2.98037     34.7990
   208.390     210.076       0.9554     2.98040     34.7985
   209.079     210.771       0.9570     2.98047     34.7971
   209.773     211.470       0.9584     2.98054     34.7960
   210.468     212.171       0.9584     2.98060     34.7965
   211.164     212.873       0.9589     2.98063     34.7959
   211.859     213.574       0.9596     2.98067     34.7952
   212.554     214.275       0.9591     2.98078     34.7967
   213.247     214.974       0.9589     2.98092     34.7984
   213.938     215.671       0.9601     2.98103     34.7981
   214.628     216.367       0.9608     2.98110     34.7977
   215.318     217.063       0.9598     2.98103     34.7976
   216.005     217.756       0.9560     2.98072     34.7974
   216.689     218.446       0.9482     2.98018     34.7987
   217.371     219.134       0.9412     2.97962     34.7988
   218.051     219.820       0.9405     2.97936     34.7959
   218.733     220.508       0.9400     2.97937     34.7962
   219.417     221.197       0.9393     2.97939     34.7969
   220.101     221.887       0.9398     2.97940     34.7960
   220.784     222.576       0.9400     2.97944     34.7958
   221.466     223.264       0.9398     2.97951     34.7966
   222.151     223.955       0.9405     2.97959     34.7964
   222.838     224.648       0.9405     2.97962     34.7964
   223.528     225.344       0.9415     2.97963     34.7950
   224.219     226.041       0.9424     2.97963     34.7936
   224.910     226.738       0.9417     2.97966     34.7944
   225.602     227.436       0.9417     2.97974     34.7950
   226.299     228.139       0.9417     2.97981     34.7955
   227.001     228.847       0.9407     2.97984     34.7965
   227.710     229.562       0.9383     2.97970     34.7971
   228.423     230.281       0.9355     2.97942     34.7961
   229.132     230.997       0.9323     2.97909     34.7950
   229.834     231.705       0.9295     2.97877     34.7935
   230.528     232.405       0.9268     2.97861     34.7941
   231.217     233.100       0.9266     2.97875     34.7957
   231.902     233.791       0.9283     2.97898     34.7964
   232.585     234.480       0.9292     2.97911     34.7967
   233.267     235.167       0.9290     2.97921     34.7977
   233.949     235.855       0.9302     2.97937     34.7981
   234.633     236.545       0.9309     2.97955     34.7992
   235.317     237.235       0.9299     2.97953     34.7996
   236.000     237.924       0.9242     2.97909     34.7999
   236.678     238.608       0.9125     2.97815     34.8005
   237.348     239.284       0.9003     2.97707     34.7997
   238.008     239.950       0.8929     2.97635     34.7983
   238.660     240.607       0.8881     2.97591     34.7976
   239.300     241.253       0.8783     2.97522     34.7992
   239.931     241.889       0.8669     2.97417     34.7981
   240.554     242.518       0.8561     2.97319     34.7970
   241.173     243.142       0.8478     2.97247     34.7967
   241.789     243.764       0.8430     2.97200     34.7955
   242.409     244.389       0.8377     2.97160     34.7959
   243.036     245.022       0.8303     2.97104     34.7966
   243.673     245.664       0.8202     2.97021     34.7968
   244.323     246.320       0.8090     2.96920     34.7958
   244.992     246.995       0.7975     2.96824     34.7959
   245.682     247.691       0.7868     2.96741     34.7966
   246.387     248.402       0.7784     2.96676     34.7972
   247.104     249.125       0.7745     2.96645     34.7972
   247.832     249.860       0.7712     2.96626     34.7979
   248.569     250.603       0.7640     2.96583     34.8000
   249.309     251.350       0.7532     2.96508     34.8019
   250.048     252.095       0.7420     2.96403     34.8004
   250.783     252.836       0.7314     2.96299     34.7983
   251.511     253.571       0.7245     2.96231     34.7968
   252.235     254.301       0.7192     2.96181     34.7958
   252.957     255.030       0.7137     2.96141     34.7963
   253.676     255.755       0.7103     2.96118     34.7967
   254.386     256.471       0.7072     2.96086     34.7956
   255.090     257.181       0.7012     2.96043     34.7963
   255.789     257.886       0.6971     2.96011     34.7963
   256.477     258.580       0.6945     2.95990     34.7961
   257.154     259.263       0.6916     2.95973     34.7968
   257.821     259.936       0.6906     2.95954     34.7950
   258.481     260.602       0.6878     2.95931     34.7947
   259.134     261.261       0.6846     2.95911     34.7953
   259.784     261.917       0.6822     2.95895     34.7955
   260.437     262.575       0.6794     2.95879     34.7962
   261.091     263.235       0.6772     2.95864     34.7963
   261.747     263.897       0.6777     2.95857     34.7945
   262.404     264.560       0.6774     2.95861     34.7950
   263.062     265.224       0.6765     2.95866     34.7962
   263.725     265.892       0.6772     2.95867     34.7952
   264.394     266.567       0.6772     2.95868     34.7949
   265.071     267.250       0.6758     2.95865     34.7956
   265.752     267.937       0.6736     2.95858     34.7968
   266.437     268.628       0.6746     2.95859     34.7954
   267.127     269.324       0.6755     2.95866     34.7949
   267.822     270.026       0.6729     2.95858     34.7964
   268.526     270.736       0.6695     2.95836     34.7969
   269.235     271.451       0.6688     2.95825     34.7958
   269.949     272.171       0.6698     2.95833     34.7953
   270.671     272.900       0.6702     2.95849     34.7965
   271.400     273.635       0.6698     2.95862     34.7983
   272.135     274.377       0.6722     2.95880     34.7974
   272.876     275.124       0.6741     2.95900     34.7975
   273.618     275.873       0.6743     2.95910     34.7980
   274.361     276.623       0.6736     2.95915     34.7990
   275.106     277.374       0.6736     2.95923     34.7997
   275.850     278.125       0.6741     2.95933     34.7999
   276.593     278.874       0.6758     2.95946     34.7993
   277.332     279.620       0.6777     2.95968     34.7996
   278.066     280.361       0.6803     2.96000     34.8005
   278.797     281.098       0.6832     2.96032     34.8009
   279.520     281.828       0.6832     2.96046     34.8022
   280.239     282.553       0.6832     2.96047     34.8020
   280.954     283.274       0.6827     2.96048     34.8022
   281.663     283.990       0.6819     2.96052     34.8032
   282.370     284.703       0.6824     2.96059     34.8032
   283.074     285.413       0.6831     2.96063     34.8025
   283.773     286.118       0.6831     2.96060     34.8016
   284.467     286.819       0.6817     2.96052     34.8018
   285.159     287.517       0.6800     2.96048     34.8027
   285.852     288.216       0.6802     2.96048     34.8021
   286.544     288.914       0.6790     2.96047     34.8029
   287.233     289.609       0.6778     2.96042     34.8033
   287.917     290.300       0.6766     2.96030     34.8026
   288.599     290.988       0.6754     2.96014     34.8014
   289.276     291.671       0.6733     2.95998     34.8013
   289.950     292.351       0.6701     2.95985     34.8028
   290.618     293.025       0.6692     2.95980     34.8028
   291.279     293.692       0.6689     2.95977     34.8022
   291.933     294.352       0.6675     2.95973     34.8030
   292.581     295.005       0.6670     2.95977     34.8036
   293.220     295.650       0.6668     2.95980     34.8039
   293.855     296.291       0.6670     2.95981     34.8035
   294.480     296.921       0.6663     2.95985     34.8044
   295.092     297.539       0.6668     2.95989     34.8039
   295.692     298.144       0.6665     2.95986     34.8035
   296.275     298.732       0.6651     2.95986     34.8047
   296.839     299.302       0.6656     2.95989     34.8043
   297.389     299.856       0.6663     2.95987     34.8028
   297.926     300.398       0.6659     2.95987     34.8030
   298.455     300.932       0.6652     2.95994     34.8044
   298.978     301.460       0.6657     2.95999     34.8042
   299.498     301.984       0.6664     2.96004     34.8037
   300.017     302.508       0.6664     2.96012     34.8044
   300.539     303.035       0.6674     2.96021     34.8041
   301.067     303.568       0.6688     2.96033     34.8039
   301.608     304.113       0.6697     2.96045     34.8041
   302.165     304.676       0.6711     2.96050     34.8028
   302.749     305.265       0.6707     2.96050     34.8029
   303.362     305.883       0.6690     2.96045     34.8038
   304.003     306.530       0.6671     2.96032     34.8039
   304.670     307.203       0.6650     2.96011     34.8031
   305.355     307.894       0.6604     2.95978     34.8036
   306.053     308.599       0.6563     2.95946     34.8036
   306.763     309.315       0.6546     2.95929     34.8028
   307.476     310.034       0.6527     2.95920     34.8034
   308.191     310.756       0.6520     2.95916     34.8032
   308.904     311.475       0.6515     2.95916     34.8033
   309.612     312.190       0.6503     2.95915     34.8042
   310.317     312.901       0.6501     2.95916     34.8041
   311.020     313.611       0.6503     2.95920     34.8040
   311.725     314.322       0.6491     2.95924     34.8054
   312.435     315.038       0.6484     2.95925     34.8058
   313.148     315.758       0.6489     2.95929     34.8054
   313.864     316.480       0.6491     2.95933     34.8052
   314.578     317.201       0.6494     2.95934     34.8046
   315.294     317.923       0.6503     2.95938     34.8037
   316.009     318.645       0.6496     2.95946     34.8051
   316.727     319.369       0.6496     2.95950     34.8052
   317.443     320.092       0.6496     2.95954     34.8053
   318.159     320.814       0.6496     2.95954     34.8049
   318.872     321.534       0.6496     2.95948     34.8037
   319.583     322.251       0.6501     2.95956     34.8037
   320.291     322.966       0.6503     2.95970     34.8049
   320.999     323.680       0.6486     2.95967     34.8060
   321.704     324.392       0.6477     2.95961     34.8058
   322.408     325.102       0.6479     2.95968     34.8061
   323.113     325.813       0.6486     2.95984     34.8069
   323.819     326.526       0.6498     2.95996     34.8068
   324.525     327.238       0.6479     2.96001     34.8090
   325.231     327.951       0.6472     2.96002     34.8095
   325.939     328.665       0.6486     2.96010     34.8087
   326.646     329.379       0.6518     2.96026     34.8067
   327.354     330.093       0.6518     2.96034     34.8073
   328.063     330.809       0.6501     2.96034     34.8089
   328.773     331.525       0.6508     2.96035     34.8078
   329.481     332.240       0.6508     2.96039     34.8078
   330.187     332.952       0.6508     2.96043     34.8079
   330.889     333.660       0.6503     2.96043     34.8081
   331.585     334.363       0.6491     2.96047     34.8095
   332.276     335.060       0.6484     2.96046     34.8098
   332.962     335.752       0.6479     2.96040     34.8091
   333.637     336.434       0.6472     2.96040     34.8095
   334.304     337.107       0.6472     2.96051     34.8106
   334.960     337.769       0.6486     2.96063     34.8102
   335.607     338.422       0.6498     2.96068     34.8090
   336.243     339.063       0.6484     2.96068     34.8103
   336.865     339.691       0.6484     2.96068     34.8099
   337.474     340.306       0.6489     2.96068     34.8090
   338.073     340.910       0.6501     2.96069     34.8073
   338.665     341.508       0.6503     2.96069     34.8068
   339.256     342.104       0.6496     2.96068     34.8072
   339.847     342.701       0.6491     2.96068     34.8074
   340.444     343.303       0.6484     2.96068     34.8077
   341.042     343.907       0.6479     2.96064     34.8075
   341.645     344.515       0.6472     2.96061     34.8075
   342.252     345.128       0.6462     2.96065     34.8087
   342.864     345.745       0.6462     2.96077     34.8099
   343.481     346.368       0.6479     2.96093     34.8098
   344.104     346.997       0.6477     2.96110     34.8118
   344.735     347.634       0.6498     2.96126     34.8112
   345.371     348.275       0.6520     2.96135     34.8095
   346.008     348.918       0.6520     2.96140     34.8097
   346.647     349.563       0.6515     2.96143     34.8103
   347.285     350.207       0.6503     2.96139     34.8108
   347.923     350.851       0.6491     2.96135     34.8113
   348.564     351.498       0.6479     2.96135     34.8122
   349.209     352.149       0.6477     2.96135     34.8120
   349.855     352.801       0.6479     2.96135     34.8114
   350.506     353.458       0.6477     2.96135     34.8112
   351.163     354.121       0.6479     2.96135     34.8106
   351.826     354.790       0.6467     2.96135     34.8116
   352.494     355.464       0.6470     2.96139     34.8114
   353.167     356.143       0.6489     2.96148     34.8101
   353.842     356.825       0.6501     2.96165     34.8105
   354.520     357.509       0.6518     2.96188     34.8112
   355.198     358.193       0.6527     2.96201     34.8114
   355.874     358.875       0.6525     2.96202     34.8114
   356.545     359.553       0.6527     2.96202     34.8107
   357.211     360.225       0.6515     2.96197     34.8111
   357.870     360.890       0.6503     2.96190     34.8111
   358.523     361.549       0.6496     2.96190     34.8115
   359.174     362.206       0.6506     2.96202     34.8115
   359.825     362.863       0.6520     2.96214     34.8111
   360.475     363.519       0.6515     2.96222     34.8124
   361.124     364.174       0.6508     2.96230     34.8138
   361.772     364.828       0.6498     2.96233     34.8150
   362.416     365.478       0.6489     2.96230     34.8151
   363.056     366.124       0.6491     2.96222     34.8135
   363.695     366.769       0.6479     2.96217     34.8139
   364.329     367.409       0.6472     2.96213     34.8138
   364.957     368.043       0.6472     2.96210     34.8130
   365.579     368.671       0.6475     2.96218     34.8133
   366.198     369.295       0.6483     2.96229     34.8135
   366.810     369.913       0.6491     2.96234     34.8128
   367.417     370.526       0.6491     2.96234     34.8125
   368.018     371.132       0.6489     2.96234     34.8124
   368.613     371.733       0.6486     2.96234     34.8123
   369.206     372.331       0.6462     2.96230     34.8141
   369.798     372.929       0.6448     2.96226     34.8149
   370.393     373.529       0.6448     2.96234     34.8155
   370.990     374.132       0.6458     2.96246     34.8156
   371.592     374.740       0.6467     2.96250     34.8148
   372.201     375.354       0.6460     2.96247     34.8148
   372.817     375.976       0.6465     2.96243     34.8134
   373.441     376.606       0.6467     2.96243     34.8127
   374.077     377.248       0.6446     2.96238     34.8141
   374.723     377.900       0.6434     2.96234     34.8146
   375.379     378.562       0.6443     2.96235     34.8132
   376.045     379.234       0.6436     2.96239     34.8142
   376.715     379.911       0.6441     2.96255     34.8153
   377.388     380.590       0.6448     2.96274     34.8166
   378.063     381.271       0.6458     2.96284     34.8163
   378.738     381.953       0.6467     2.96289     34.8156
   379.414     382.635       0.6470     2.96297     34.8158
   380.090     383.317       0.6474     2.96301     34.8155
   380.763     383.997       0.6460     2.96301     34.8167
   381.433     384.673       0.6464     2.96301     34.8159
   382.097     385.343       0.6466     2.96301     34.8153
   382.754     386.006       0.6454     2.96301     34.8162
   383.407     386.665       0.6447     2.96301     34.8166
   384.059     387.323       0.6457     2.96305     34.8157
   384.710     387.981       0.6466     2.96313     34.8153
   385.362     388.639       0.6464     2.96317     34.8157
   386.015     389.298       0.6471     2.96322     34.8151
   386.673     389.962       0.6466     2.96325     34.8157
   387.335     390.630       0.6464     2.96322     34.8151
   387.995     391.297       0.6457     2.96318     34.8149
   388.657     391.965       0.6435     2.96316     34.8168
   389.320     392.634       0.6421     2.96308     34.8169
   389.985     393.305       0.6399     2.96293     34.8170
   390.653     393.980       0.6399     2.96289     34.8161
   391.326     394.659       0.6394     2.96296     34.8172
   392.000     395.339       0.6397     2.96304     34.8175
   392.672     396.018       0.6406     2.96308     34.8166
   393.346     396.698       0.6399     2.96305     34.8166
   394.026     397.384       0.6389     2.96305     34.8173
   394.707     398.072       0.6375     2.96313     34.8195
   395.391     398.762       0.6394     2.96326     34.8187
   396.073     399.451       0.6428     2.96346     34.8170
   396.757     400.141       0.6430     2.96358     34.8179
   397.438     400.829       0.6413     2.96354     34.8190
   398.114     401.511       0.6404     2.96346     34.8186
   398.789     402.192       0.6416     2.96339     34.8159
   399.463     402.873       0.6413     2.96334     34.8152
   400.139     403.555       0.6399     2.96334     34.8163
   400.816     404.239       0.6380     2.96334     34.8181
   401.498     404.927       0.6365     2.96337     34.8198
   402.180     405.616       0.6387     2.96342     34.8175
   402.862     406.304       0.6382     2.96342     34.8177
   403.544     406.992       0.6375     2.96346     34.8186
   404.227     407.682       0.6385     2.96355     34.8182
   404.908     408.369       0.6399     2.96363     34.8173
   405.588     409.056       0.6393     2.96367     34.8181
   406.270     409.744       0.6396     2.96371     34.8179
   406.948     410.429       0.6386     2.96375     34.8190
   407.624     411.111       0.6355     2.96371     34.8216
   408.295     411.789       0.6372     2.96368     34.8189
   408.965     412.465       0.6386     2.96372     34.8175
   409.633     413.139       0.6386     2.96379     34.8181
   410.298     413.811       0.6376     2.96383     34.8193
   410.962     414.481       0.6362     2.96384     34.8205
   411.627     415.152       0.6367     2.96388     34.8202
   412.296     415.828       0.6379     2.96396     34.8194
   412.972     416.510       0.6376     2.96401     34.8200
   413.656     417.201       0.6367     2.96406     34.8212
   414.350     417.901       0.6388     2.96422     34.8205
   415.053     418.611       0.6410     2.96441     34.8201
   415.765     419.330       0.6405     2.96445     34.8208
   416.490     420.062       0.6388     2.96434     34.8208
   417.227     420.806       0.6374     2.96422     34.8204
   417.972     421.558       0.6379     2.96418     34.8189
   418.725     422.318       0.6376     2.96417     34.8187
   419.485     423.085       0.6362     2.96417     34.8198
   420.246     423.854       0.6357     2.96417     34.8199
   421.006     424.621       0.6350     2.96417     34.8202
   421.761     425.383       0.6345     2.96417     34.8203
   422.512     426.141       0.6338     2.96416     34.8206
   423.259     426.895       0.6338     2.96417     34.8202
   424.002     427.646       0.6333     2.96416     34.8203
   424.745     428.396       0.6326     2.96416     34.8207
   425.484     429.142       0.6316     2.96417     34.8214
   426.217     429.882       0.6307     2.96420     34.8224
   426.941     430.613       0.6324     2.96425     34.8206
   427.656     431.335       0.6328     2.96426     34.8199
   428.362     432.047       0.6319     2.96429     34.8210
   429.055     432.747       0.6312     2.96433     34.8218
   429.734     433.433       0.6295     2.96433     34.8233
   430.400     434.105       0.6302     2.96433     34.8222
   431.052     434.763       0.6306     2.96433     34.8214
   431.695     435.412       0.6308     2.96434     34.8208
   432.331     436.055       0.6301     2.96434     34.8212
   432.964     436.694       0.6301     2.96434     34.8209
   433.595     437.331       0.6301     2.96438     34.8210
   434.226     437.968       0.6301     2.96442     34.8211
   434.859     438.607       0.6296     2.96442     34.8214
   435.491     439.245       0.6289     2.96446     34.8222
   436.125     439.885       0.6279     2.96449     34.8235
   436.757     440.523       0.6270     2.96450     34.8241
   437.389     441.161       0.6277     2.96450     34.8230
   438.019     441.797       0.6282     2.96450     34.8221
   438.648     442.432       0.6279     2.96450     34.8221
   439.278     443.069       0.6265     2.96450     34.8232
   439.909     443.706       0.6265     2.96450     34.8229
   440.539     444.342       0.6270     2.96450     34.8220
   441.168     444.977       0.6277     2.96450     34.8208
   441.797     445.612       0.6282     2.96451     34.8199
   442.428     446.249       0.6279     2.96450     34.8199
   443.056     446.883       0.6255     2.96450     34.8222
   443.684     447.517       0.6241     2.96454     34.8239
   444.312     448.151       0.6251     2.96462     34.8234
   444.940     448.785       0.6255     2.96462     34.8226
   445.567     449.418       0.6241     2.96455     34.8228
   446.197     450.054       0.6241     2.96452     34.8221
   446.828     450.692       0.6241     2.96456     34.8222
   447.462     451.332       0.6246     2.96461     34.8220
   448.102     451.978       0.6248     2.96466     34.8219
   448.751     452.633       0.6241     2.96467     34.8226
   449.407     453.296       0.6251     2.96472     34.8216
   450.071     453.966       0.6260     2.96479     34.8212
   450.740     454.642       0.6243     2.96479     34.8227
   451.414     455.322       0.6239     2.96476     34.8223
   452.092     456.007       0.6243     2.96480     34.8220
   452.775     456.696       0.6239     2.96488     34.8231
   453.464     457.392       0.6253     2.96496     34.8221
   454.159     458.094       0.6248     2.96500     34.8229
   454.857     458.799       0.6241     2.96505     34.8238
   455.558     459.506       0.6246     2.96512     34.8238
   456.260     460.215       0.6258     2.96517     34.8226
   456.966     460.928       0.6270     2.96518     34.8210
   457.674     461.643       0.6267     2.96522     34.8214
   458.382     462.358       0.6248     2.96529     34.8241
   459.088     463.071       0.6251     2.96533     34.8238
   459.789     463.779       0.6255     2.96533     34.8230
   460.490     464.486       0.6241     2.96529     34.8236
   461.193     465.196       0.6236     2.96521     34.8228
   461.899     465.909       0.6224     2.96517     34.8231
   462.608     466.625       0.6222     2.96516     34.8229
   463.316     467.340       0.6229     2.96517     34.8218
   464.025     468.056       0.6234     2.96521     34.8213
   464.739     468.777       0.6241     2.96529     34.8211
   465.457     469.502       0.6236     2.96533     34.8218
   466.180     470.232       0.6229     2.96538     34.8228
   466.906     470.965       0.6229     2.96550     34.8239
   467.633     471.699       0.6234     2.96566     34.8250
   468.360     472.433       0.6251     2.96583     34.8248
   469.085     473.165       0.6265     2.96595     34.8245
   469.808     473.896       0.6275     2.96604     34.8240
   470.531     474.626       0.6275     2.96608     34.8241
   471.256     475.358       0.6263     2.96608     34.8251
   471.980     476.089       0.6263     2.96608     34.8246
   472.701     476.817       0.6246     2.96603     34.8255
   473.420     477.543       0.6248     2.96600     34.8244
   474.138     478.268       0.6236     2.96599     34.8253
   474.853     478.990       0.6229     2.96599     34.8256
   475.562     479.706       0.6224     2.96599     34.8257
   476.264     480.415       0.6222     2.96599     34.8255
   476.963     481.121       0.6219     2.96599     34.8255
   477.661     481.826       0.6210     2.96603     34.8266
   478.358     482.529       0.6217     2.96611     34.8264
   479.054     483.232       0.6217     2.96615     34.8265
   479.750     483.935       0.6212     2.96615     34.8267
   480.447     484.639       0.6210     2.96615     34.8265
   481.142     485.341       0.6212     2.96615     34.8259
   481.833     486.039       0.6210     2.96616     34.8257
   482.522     486.734       0.6212     2.96620     34.8257
   483.207     487.426       0.6210     2.96627     34.8264
   483.891     488.117       0.6217     2.96631     34.8258
   484.572     488.805       0.6212     2.96632     34.8260
   485.250     489.489       0.6200     2.96631     34.8269
   485.920     490.166       0.6198     2.96631     34.8267
   486.583     490.836       0.6200     2.96632     34.8262
   487.242     491.501       0.6188     2.96631     34.8271
   487.894     492.159       0.6186     2.96631     34.8269
   488.537     492.809       0.6183     2.96631     34.8269
   489.175     493.453       0.6179     2.96631     34.8269
   489.808     494.092       0.6188     2.96632     34.8256
   490.439     494.730       0.6176     2.96635     34.8270
   491.071     495.368       0.6174     2.96639     34.8274
   491.705     496.008       0.6181     2.96640     34.8263
   492.346     496.656       0.6176     2.96640     34.8265
   492.999     497.315       0.6179     2.96645     34.8264
   493.658     497.981       0.6194     2.96656     34.8259
   494.314     498.643       0.6180     2.96664     34.8280
   494.963     499.298       0.6168     2.96664     34.8290
   495.607     499.949       0.6177     2.96664     34.8276
   496.252     500.600       0.6170     2.96664     34.8280
   496.896     501.251       0.6180     2.96665     34.8266
   497.540     501.901       0.6184     2.96665     34.8258
   498.183     502.550       0.6170     2.96664     34.8269
   498.828     503.202       0.6165     2.96664     34.8271
   499.478     503.858       0.6158     2.96664     34.8275
   500.129     504.516       0.6148     2.96664     34.8282
   500.783     505.176       0.6139     2.96664     34.8288
   501.437     505.837       0.6151     2.96665     34.8272
   502.092     506.498       0.6153     2.96669     34.8272
   502.746     507.159       0.6146     2.96681     34.8290
   503.398     507.817       0.6141     2.96692     34.8307
   504.043     508.469       0.6139     2.96696     34.8311
   504.684     509.116       0.6146     2.96693     34.8296
   505.321     509.759       0.6146     2.96694     34.8292
   505.952     510.397       0.6151     2.96701     34.8292
   506.582     511.033       0.6144     2.96701     34.8296
   507.211     511.668       0.6122     2.96697     34.8311
   507.837     512.300       0.6122     2.96692     34.8302
   508.459     512.929       0.6112     2.96685     34.8300
   509.077     513.553       0.6098     2.96680     34.8306
   509.691     514.173       0.6098     2.96680     34.8302
   510.304     514.792       0.6093     2.96680     34.8304
   510.915     515.409       0.6081     2.96680     34.8314
   511.523     516.023       0.6084     2.96680     34.8307
   512.128     516.634       0.6093     2.96680     34.8294
   512.728     517.240       0.6100     2.96685     34.8288
   513.322     517.840       0.6108     2.96693     34.8286
   513.911     518.435       0.6086     2.96696     34.8311
   514.500     519.030       0.6081     2.96692     34.8308
   515.089     519.625       0.6069     2.96684     34.8308
   515.678     520.220       0.6062     2.96676     34.8302
   516.267     520.815       0.6052     2.96672     34.8305
   516.854     521.408       0.6043     2.96675     34.8315
   517.442     522.002       0.6040     2.96675     34.8315
   518.032     522.597       0.6031     2.96667     34.8312
   518.621     523.192       0.6033     2.96663     34.8301
   519.206     523.783       0.6021     2.96663     34.8310
   519.789     524.372       0.6014     2.96663     34.8314
   520.372     524.961       0.6014     2.96663     34.8311
   520.958     525.553       0.6009     2.96663     34.8313
   521.545     526.146       0.6002     2.96663     34.8317
   522.132     526.739       0.6002     2.96663     34.8314
   522.721     527.333       0.6007     2.96663     34.8306
   523.307     527.925       0.6014     2.96663     34.8295
   523.890     528.514       0.6009     2.96664     34.8297
   524.466     529.096       0.6005     2.96668     34.8304
   525.037     529.673       0.6013     2.96676     34.8301
   525.604     530.245       0.6021     2.96680     34.8295
   526.170     530.817       0.6021     2.96680     34.8292
   526.736     531.389       0.6010     2.96684     34.8306
   527.305     531.964       0.6008     2.96691     34.8314
   527.881     532.545       0.6010     2.96691     34.8308
   528.462     533.132       0.5998     2.96683     34.8308
   529.048     533.724       0.5981     2.96675     34.8313
   529.638     534.320       0.5972     2.96674     34.8318
   530.232     534.920       0.5965     2.96676     34.8325
   530.830     535.524       0.5933     2.96664     34.8341
   531.431     536.131       0.5919     2.96643     34.8326
   532.035     536.741       0.5896     2.96618     34.8316
   532.644     537.356       0.5855     2.96590     34.8323
   533.256     537.975       0.5848     2.96581     34.8315
   533.873     538.598       0.5838     2.96587     34.8330
   534.492     539.223       0.5819     2.96582     34.8341
   535.115     539.852       0.5812     2.96563     34.8321
   535.741     540.485       0.5798     2.96547     34.8312
   536.368     541.118       0.5776     2.96542     34.8326
   536.996     541.752       0.5777     2.96541     34.8321
   537.625     542.388       0.5777     2.96541     34.8317
   538.257     543.026       0.5777     2.96541     34.8313
   538.889     543.664       0.5772     2.96537     34.8310
   539.519     544.301       0.5760     2.96533     34.8315
   540.145     544.933       0.5753     2.96536     34.8323
   540.766     545.560       0.5753     2.96540     34.8324
   541.383     546.184       0.5758     2.96536     34.8309
   541.998     546.805       0.5752     2.96524     34.8297
   542.604     547.417       0.5720     2.96511     34.8313
   543.202     548.021       0.5696     2.96507     34.8330
   543.791     548.616       0.5687     2.96506     34.8335
   544.369     549.200       0.5699     2.96502     34.8313
   544.933     549.770       0.5696     2.96494     34.8303
   545.487     550.329       0.5677     2.96485     34.8310
   546.029     550.877       0.5666     2.96477     34.8308
   546.558     551.411       0.5649     2.96468     34.8312
   547.074     551.932       0.5630     2.96455     34.8314
   547.577     552.441       0.5613     2.96439     34.8309
   548.070     552.939       0.5594     2.96427     34.8312
   548.556     553.430       0.5587     2.96426     34.8316
   549.040     553.918       0.5587     2.96429     34.8317
   549.528     554.411       0.5592     2.96425     34.8303
   550.025     554.913       0.5599     2.96418     34.8283
   550.530     555.424       0.5590     2.96409     34.8279
   551.040     555.939       0.5566     2.96405     34.8297
   551.551     556.455       0.5552     2.96404     34.8309
   552.062     556.971       0.5557     2.96404     34.8300
   552.571     557.485       0.5559     2.96400     34.8289
   553.076     557.996       0.5547     2.96392     34.8289
   553.577     558.502       0.5535     2.96383     34.8288
   554.074     559.004       0.5528     2.96370     34.8276
   554.568     559.503       0.5515     2.96350     34.8263
   555.059     559.999       0.5483     2.96334     34.8274
   555.547     560.492       0.5469     2.96332     34.8285
   556.033     560.983       0.5459     2.96331     34.8292
   556.516     561.471       0.5450     2.96323     34.8289
   556.996     561.955       0.5457     2.96316     34.8268
   557.472     562.436       0.5457     2.96307     34.8255
   557.946     562.915       0.5443     2.96298     34.8256
   558.418     563.392       0.5417     2.96286     34.8266
   558.887     563.866       0.5410     2.96274     34.8256
   559.350     564.334       0.5400     2.96269     34.8258
   559.811     564.799       0.5386     2.96269     34.8270
   560.272     565.265       0.5386     2.96269     34.8267
   560.737     565.735       0.5391     2.96269     34.8259
   561.210     566.212       0.5398     2.96269     34.8249
   561.690     566.697       0.5393     2.96269     34.8251
   562.177     567.189       0.5386     2.96264     34.8250
   562.673     567.690       0.5377     2.96257     34.8248
   563.180     568.203       0.5368     2.96252     34.8249
   563.698     568.726       0.5370     2.96252     34.8243
   564.221     569.254       0.5353     2.96250     34.8257
   564.746     569.785       0.5334     2.96242     34.8264
   565.279     570.323       0.5322     2.96226     34.8255
   565.814     570.864       0.5310     2.96218     34.8255
   566.351     571.406       0.5299     2.96221     34.8267
   566.890     571.951       0.5297     2.96225     34.8271
   567.432     572.498       0.5309     2.96225     34.8255
   567.977     573.049       0.5311     2.96225     34.8249
   568.526     573.603       0.5294     2.96221     34.8260
   569.079     574.162       0.5280     2.96216     34.8266
   569.638     574.727       0.5280     2.96212     34.8257
   570.206     575.301       0.5270     2.96204     34.8255
   570.781     575.882       0.5251     2.96199     34.8266
   571.364     576.471       0.5244     2.96194     34.8264
   571.952     577.065       0.5235     2.96182     34.8256
   572.543     577.662       0.5221     2.96170     34.8252
   573.134     578.259       0.5211     2.96161     34.8248
   573.725     578.856       0.5192     2.96153     34.8256
   574.315     579.452       0.5190     2.96153     34.8254
   574.904     580.047       0.5197     2.96156     34.8247
   575.491     580.640       0.5197     2.96152     34.8239
   576.076     581.231       0.5193     2.96149     34.8235
   576.656     581.817       0.5181     2.96148     34.8244
   577.234     582.401       0.5179     2.96148     34.8243
   577.813     582.986       0.5181     2.96148     34.8237
   578.392     583.571       0.5179     2.96144     34.8230
   578.974     584.159       0.5176     2.96140     34.8226
   579.561     584.752       0.5167     2.96143     34.8236
   580.152     585.349       0.5169     2.96147     34.8236
   580.746     585.949       0.5162     2.96147     34.8240
   581.342     586.551       0.5158     2.96147     34.8241
   581.945     587.160       0.5156     2.96147     34.8240
   582.550     587.772       0.5153     2.96151     34.8244
   583.158     588.386       0.5139     2.96154     34.8260
   583.768     589.002       0.5139     2.96150     34.8252
   584.381     589.622       0.5144     2.96147     34.8238
   584.999     590.246       0.5151     2.96147     34.8227
   585.623     590.876       0.5151     2.96146     34.8223
   586.255     591.515       0.5147     2.96146     34.8223
   586.900     592.167       0.5135     2.96141     34.8226
   587.560     592.834       0.5123     2.96129     34.8220
   588.234     593.514       0.5116     2.96117     34.8208
   588.919     594.207       0.5102     2.96112     34.8214
   589.614     594.909       0.5085     2.96111     34.8228
   590.321     595.623       0.5078     2.96111     34.8230
   591.042     596.352       0.5056     2.96106     34.8245
   591.782     597.099       0.5056     2.96098     34.8230
   592.539     597.864       0.5051     2.96094     34.8226
   593.314     598.647       0.5035     2.96092     34.8236
   594.104     599.445       0.5019     2.96088     34.8244
   594.907     600.257       0.5018     2.96082     34.8234
   595.718     601.076       0.5022     2.96079     34.8220
   596.530     601.896       0.5013     2.96073     34.8218
   597.339     602.714       0.5001     2.96066     34.8217
   598.144     603.527       0.4977     2.96061     34.8233
   598.941     604.333       0.4974     2.96057     34.8227
   599.732     605.132       0.4960     2.96054     34.8233
   600.514     605.922       0.4955     2.96057     34.8238
   601.286     606.702       0.4948     2.96057     34.8242
   602.043     607.467       0.4943     2.96050     34.8234
   602.785     608.217       0.4921     2.96046     34.8249
   603.511     608.950       0.4904     2.96045     34.8263
   604.217     609.663       0.4901     2.96041     34.8257
   604.906     610.360       0.4887     2.96034     34.8258
   605.585     611.046       0.4882     2.96026     34.8250
   606.255     611.723       0.4875     2.96022     34.8249
   606.918     612.393       0.4875     2.96022     34.8245
   607.575     613.057       0.4870     2.96018     34.8242
   608.230     613.718       0.4863     2.96015     34.8241
   608.878     614.373       0.4853     2.96015     34.8249
   609.522     615.024       0.4839     2.96015     34.8261
   610.161     615.670       0.4828     2.96015     34.8269
   610.792     616.307       0.4819     2.96015     34.8276
   611.413     616.935       0.4821     2.96015     34.8270
   612.025     617.553       0.4819     2.96015     34.8269
   612.625     618.159       0.4812     2.96012     34.8269
   613.215     618.755       0.4790     2.96008     34.8286
   613.794     619.341       0.4790     2.96012     34.8287
   614.367     619.920       0.4790     2.96016     34.8289
   614.938     620.496       0.4785     2.96017     34.8292
   615.507     621.071       0.4783     2.96017     34.8291
   616.082     621.652       0.4780     2.96017     34.8292
   616.662     622.239       0.4770     2.96017     34.8299
   617.247     622.830       0.4767     2.96014     34.8295
   617.838     623.427       0.4753     2.96010     34.8303
   618.438     624.033       0.4758     2.96014     34.8299
   619.048     624.650       0.4770     2.96019     34.8287
   619.670     625.278       0.4777     2.96019     34.8276
   620.298     625.913       0.4763     2.96015     34.8283
   620.932     626.553       0.4741     2.96007     34.8294
   621.568     627.196       0.4731     2.96003     34.8296
   622.205     627.840       0.4717     2.96003     34.8308
   622.842     628.483       0.4711     2.96003     34.8311
   623.476     629.124       0.4699     2.96003     34.8321
   624.106     629.761       0.4687     2.96003     34.8331
   624.738     630.399       0.4699     2.96004     34.8314
   625.365     631.033       0.4704     2.96005     34.8306
   625.986     631.660       0.4682     2.96004     34.8326
   626.599     632.280       0.4694     2.96001     34.8305
   627.211     632.898       0.4675     2.95996     34.8317
   627.820     633.514       0.4649     2.95991     34.8336
   628.428     634.128       0.4620     2.95980     34.8350
   629.034     634.741       0.4633     2.95973     34.8323
   629.640     635.353       0.4636     2.95973     34.8316
   630.247     635.966       0.4617     2.95976     34.8338
   630.854     636.580       0.4621     2.95980     34.8335
   631.468     637.200       0.4602     2.95976     34.8348
   632.085     637.824       0.4581     2.95969     34.8358
   632.706     638.451       0.4569     2.95961     34.8357
   633.329     639.081       0.4578     2.95957     34.8339
   633.951     639.709       0.4561     2.95957     34.8354
   634.571     640.336       0.4556     2.95957     34.8356
   635.192     640.964       0.4560     2.95957     34.8348
   635.815     641.593       0.4551     2.95953     34.8349
   636.438     642.223       0.4548     2.95942     34.8334
   637.063     642.854       0.4529     2.95930     34.8336
   637.686     643.484       0.4498     2.95925     34.8361
   638.306     644.111       0.4476     2.95924     34.8381
   638.923     644.734       0.4488     2.95920     34.8359
   639.539     645.357       0.4474     2.95909     34.8356
   640.159     645.983       0.4469     2.95897     34.8343
   640.777     646.608       0.4451     2.95889     34.8348
   641.392     647.229       0.4437     2.95881     34.8350
   642.005     647.849       0.4427     2.95877     34.8352
   642.615     648.465       0.4413     2.95872     34.8358
   643.219     649.076       0.4394     2.95860     34.8360
   643.821     649.684       0.4365     2.95844     34.8368
   644.423     650.292       0.4351     2.95832     34.8365
   645.022     650.898       0.4339     2.95827     34.8369
   645.617     651.499       0.4333     2.95823     34.8366
   646.208     652.096       0.4309     2.95811     34.8375
   646.791     652.685       0.4311     2.95800     34.8354
   647.363     653.264       0.4304     2.95796     34.8353
   647.925     653.832       0.4275     2.95791     34.8376
   648.480     654.392       0.4242     2.95782     34.8398
   649.028     654.946       0.4237     2.95770     34.8385
   649.569     655.493       0.4212     2.95755     34.8390
   650.105     656.035       0.4205     2.95747     34.8384
   650.637     656.572       0.4183     2.95742     34.8399
   651.164     657.105       0.4193     2.95735     34.8376
   651.693     657.640       0.4202     2.95731     34.8358
   652.225     658.177       0.4176     2.95722     34.8372
   652.758     658.716       0.4142     2.95707     34.8387
   653.295     659.259       0.4140     2.95699     34.8376
   653.833     659.802       0.4142     2.95694     34.8365
   654.368     660.343       0.4120     2.95686     34.8376
   654.903     660.884       0.4093     2.95677     34.8392
   655.436     661.422       0.4076     2.95666     34.8392
   655.966     661.958       0.4052     2.95654     34.8401
   656.496     662.494       0.4038     2.95649     34.8407
   657.031     663.034       0.4048     2.95645     34.8388
   657.568     663.577       0.4043     2.95634     34.8375
   658.108     664.123       0.4019     2.95622     34.8384
   658.652     664.673       0.4016     2.95618     34.8379
   659.201     665.228       0.4011     2.95619     34.8382
   659.756     665.789       0.4025     2.95619     34.8364
   660.318     666.357       0.4011     2.95619     34.8376
   660.890     666.935       0.3979     2.95614     34.8402
   661.470     667.521       0.3960     2.95602     34.8404
   662.059     668.116       0.3948     2.95586     34.8393
   662.657     668.721       0.3931     2.95561     34.8376
   663.269     669.339       0.3883     2.95525     34.8379
   663.895     669.972       0.3827     2.95492     34.8395
   664.531     670.615       0.3815     2.95475     34.8383
   665.175     671.266       0.3803     2.95462     34.8375
   665.828     671.926       0.3786     2.95446     34.8370
   666.486     672.591       0.3767     2.95434     34.8372
   667.148     673.260       0.3749     2.95421     34.8372
   667.812     673.931       0.3725     2.95405     34.8373
   668.479     674.605       0.3701     2.95389     34.8375
   669.148     675.281       0.3677     2.95372     34.8377
   669.820     675.960       0.3663     2.95360     34.8373
   670.494     676.642       0.3663     2.95352     34.8358
   671.174     677.329       0.3649     2.95339     34.8354
   671.855     678.017       0.3617     2.95323     34.8364
   672.536     678.705       0.3583     2.95304     34.8374
   673.213     679.390       0.3535     2.95270     34.8379
   673.890     680.074       0.3477     2.95214     34.8368
   674.564     680.755       0.3424     2.95161     34.8354
   675.234     681.432       0.3381     2.95123     34.8348
   675.898     682.104       0.3327     2.95089     34.8360
   676.560     682.773       0.3294     2.95053     34.8346
   677.218     683.438       0.3255     2.95025     34.8350
   677.876     684.103       0.3231     2.95015     34.8360
   678.532     684.766       0.3212     2.95006     34.8366
   679.186     685.427       0.3200     2.94991     34.8356
   679.837     686.085       0.3187     2.94979     34.8350
   680.485     686.740       0.3170     2.94966     34.8350
   681.127     687.389       0.3142     2.94955     34.8362
   681.763     688.032       0.3130     2.94950     34.8366
   682.392     688.668       0.3134     2.94943     34.8348
   683.018     689.300       0.3115     2.94936     34.8356
   683.637     689.926       0.3118     2.94936     34.8349
   684.251     690.547       0.3132     2.94937     34.8332
   684.863     691.165       0.3122     2.94941     34.8345
   685.474     691.783       0.3113     2.94949     34.8362
   686.089     692.404       0.3120     2.94953     34.8356
   686.711     693.033       0.3110     2.94950     34.8359
   687.342     693.671       0.3101     2.94947     34.8362
   687.981     694.317       0.3103     2.94951     34.8361
   688.626     694.969       0.3096     2.94955     34.8370
   689.276     695.626       0.3091     2.94952     34.8367
   689.935     696.292       0.3093     2.94948     34.8357
   690.597     696.961       0.3098     2.94948     34.8347
   691.263     697.634       0.3078     2.94944     34.8360
   691.929     698.308       0.3057     2.94936     34.8370
   692.599     698.985       0.3045     2.94932     34.8374
   693.270     699.663       0.3040     2.94927     34.8369
   693.938     700.338       0.3006     2.94910     34.8382
   694.607     701.015       0.2994     2.94887     34.8361
   695.280     701.695       0.2987     2.94871     34.8344
   695.954     702.376       0.2982     2.94867     34.8340
   696.627     703.057       0.2970     2.94866     34.8349
   697.301     703.738       0.2953     2.94866     34.8363
   697.974     704.418       0.2943     2.94862     34.8365
   698.643     705.094       0.2936     2.94850     34.8353
   699.309     705.768       0.2904     2.94834     34.8364
   699.972     706.438       0.2890     2.94821     34.8360
   700.631     707.104       0.2876     2.94813     34.8361
   701.287     707.767       0.2854     2.94804     34.8371
   701.938     708.425       0.2844     2.94796     34.8368
   702.584     709.078       0.2830     2.94789     34.8370
   703.225     709.726       0.2835     2.94785     34.8356
   703.864     710.372       0.2827     2.94784     34.8359
   704.501     711.016       0.2805     2.94776     34.8369
   705.137     711.659       0.2805     2.94761     34.8347
   705.771     712.300       0.2805     2.94757     34.8338
   706.403     712.939       0.2800     2.94761     34.8344
   707.030     713.573       0.2793     2.94761     34.8349
   707.654     714.204       0.2783     2.94761     34.8356
   708.274     714.830       0.2774     2.94757     34.8358
   708.891     715.454       0.2771     2.94754     34.8353
   709.503     716.073       0.2757     2.94754     34.8365
   710.110     716.686       0.2757     2.94758     34.8367
   710.714     717.297       0.2757     2.94761     34.8369
   711.317     717.907       0.2757     2.94762     34.8366
   711.920     718.516       0.2757     2.94762     34.8362
   712.523     719.126       0.2752     2.94759     34.8360
   713.126     719.735       0.2745     2.94755     34.8359
   713.728     720.344       0.2740     2.94755     34.8361
   714.330     720.952       0.2728     2.94755     34.8371
   714.927     721.556       0.2726     2.94755     34.8371
   715.520     722.155       0.2728     2.94760     34.8370
   716.108     722.750       0.2730     2.94767     34.8375
   716.692     723.340       0.2735     2.94772     34.8372
   717.269     723.924       0.2730     2.94772     34.8374
   717.839     724.500       0.2740     2.94773     34.8361
   718.399     725.066       0.2737     2.94773     34.8361
   718.949     725.622       0.2739     2.94778     34.8362
   719.488     726.167       0.2732     2.94785     34.8376
   720.014     726.699       0.2727     2.94789     34.8384
   720.529     727.219       0.2720     2.94789     34.8389
   721.034     727.730       0.2720     2.94790     34.8387
   721.529     728.230       0.2725     2.94794     34.8384
   722.015     728.722       0.2742     2.94803     34.8373
   722.495     729.207       0.2746     2.94807     34.8371
   722.969     729.686       0.2742     2.94807     34.8373
   723.437     730.159       0.2746     2.94808     34.8367
   723.901     730.628       0.2737     2.94812     34.8380
   724.367     731.099       0.2744     2.94820     34.8380
   724.836     731.574       0.2739     2.94828     34.8393
   725.313     732.056       0.2742     2.94837     34.8398
   725.799     732.547       0.2751     2.94845     34.8396
   726.292     733.046       0.2754     2.94854     34.8401
   726.795     733.554       0.2773     2.94862     34.8388
   727.304     734.069       0.2780     2.94866     34.8383
   727.818     734.588       0.2770     2.94867     34.8391
   728.338     735.114       0.2756     2.94870     34.8409
   728.867     735.649       0.2770     2.94879     34.8401
   729.405     736.193       0.2782     2.94887     34.8395
   729.950     736.744       0.2773     2.94891     34.8408
   730.505     737.305       0.2790     2.94896     34.8392
   731.074     737.880       0.2794     2.94905     34.8395
   731.656     738.469       0.2794     2.94917     34.8408
   732.251     739.070       0.2816     2.94934     34.8401
   732.856     739.682       0.2826     2.94951     34.8409
   733.467     740.300       0.2835     2.94971     34.8421
   734.083     740.922       0.2842     2.94987     34.8431
   734.705     741.551       0.2859     2.94992     34.8415
   735.333     742.186       0.2852     2.94992     34.8419
   735.968     742.828       0.2857     2.94992     34.8410
   736.608     743.475       0.2859     2.94992     34.8404
   737.251     744.125       0.2847     2.94992     34.8414
   737.895     744.776       0.2840     2.94996     34.8422
   738.540     745.429       0.2840     2.94999     34.8423
   739.192     746.088       0.2840     2.94996     34.8415
   739.847     746.750       0.2830     2.94991     34.8417
   740.502     747.412       0.2814     2.94991     34.8430
   741.152     748.069       0.2810     2.94992     34.8433
   741.799     748.724       0.2806     2.94996     34.8439
   742.445     749.377       0.2814     2.95002     34.8433
   743.087     750.026       0.2823     2.95002     34.8419
   743.727     750.673       0.2816     2.94996     34.8415
   744.364     751.317       0.2811     2.94991     34.8412
   744.999     751.959       0.2799     2.94991     34.8421
   745.634     752.601       0.2797     2.94991     34.8419
   746.271     753.245       0.2799     2.94990     34.8413
   746.911     753.892       0.2782     2.94986     34.8422
   747.552     754.540       0.2768     2.94974     34.8418
   748.194     755.189       0.2754     2.94962     34.8415
   748.837     755.840       0.2737     2.94957     34.8423
   749.481     756.491       0.2744     2.94953     34.8406
   750.124     757.141       0.2729     2.94944     34.8408
   750.763     757.787       0.2697     2.94931     34.8423
   751.401     758.432       0.2673     2.94911     34.8420
   752.039     759.077       0.2659     2.94895     34.8412
   752.676     759.721       0.2640     2.94890     34.8422
   753.315     760.367       0.2621     2.94889     34.8439
   753.956     761.015       0.2630     2.94890     34.8426
   754.599     761.666       0.2623     2.94890     34.8430
   755.246     762.320       0.2628     2.94891     34.8422
   755.892     762.973       0.2630     2.94895     34.8422
   756.539     763.627       0.2628     2.94903     34.8430
   757.183     764.278       0.2630     2.94907     34.8429
   757.825     764.927       0.2623     2.94907     34.8434
   758.468     765.578       0.2628     2.94908     34.8425
   759.114     766.231       0.2635     2.94908     34.8414
   759.760     766.884       0.2625     2.94908     34.8421
   760.405     767.536       0.2611     2.94908     34.8433
   761.048     768.186       0.2611     2.94908     34.8430
   761.687     768.832       0.2611     2.94908     34.8426
   762.321     769.474       0.2606     2.94908     34.8428
   762.955     770.115       0.2594     2.94908     34.8438
   763.587     770.754       0.2587     2.94908     34.8442
   764.216     771.390       0.2597     2.94912     34.8433
   764.839     772.020       0.2601     2.94916     34.8429
   765.455     772.643       0.2597     2.94913     34.8426
   766.067     773.261       0.2601     2.94910     34.8414
   766.672     773.873       0.2592     2.94914     34.8425
   767.275     774.483       0.2594     2.94921     34.8429
   767.875     775.090       0.2582     2.94924     34.8444
   768.470     775.691       0.2575     2.94921     34.8444
   769.056     776.284       0.2575     2.94918     34.8436
   769.638     776.872       0.2575     2.94922     34.8438
   770.211     777.452       0.2580     2.94926     34.8434
   770.779     778.026       0.2582     2.94926     34.8429
   771.343     778.596       0.2580     2.94927     34.8429
   771.902     779.162       0.2582     2.94930     34.8428
   772.462     779.728       0.2565     2.94933     34.8448
   773.020     780.292       0.2546     2.94930     34.8461
   773.575     780.853       0.2544     2.94926     34.8456
   774.123     781.408       0.2566     2.94930     34.8433
   774.668     781.959       0.2578     2.94935     34.8422
   775.210     782.507       0.2558     2.94935     34.8442
   775.751     783.054       0.2546     2.94939     34.8457
   776.294     783.603       0.2539     2.94942     34.8466
   776.837     784.152       0.2534     2.94943     34.8469
   777.380     784.701       0.2537     2.94943     34.8463
   777.924     785.251       0.2542     2.94943     34.8455
   778.472     785.805       0.2532     2.94943     34.8462
   779.022     786.362       0.2534     2.94939     34.8452
   779.575     786.921       0.2527     2.94931     34.8446
   780.132     787.484       0.2522     2.94927     34.8443
   780.693     788.051       0.2510     2.94927     34.8453
   781.260     788.625       0.2513     2.94927     34.8447
   781.834     789.205       0.2523     2.94931     34.8438
   782.413     789.791       0.2505     2.94934     34.8458
   782.995     790.379       0.2491     2.94926     34.8460
   783.579     790.970       0.2496     2.94916     34.8437
   784.166     791.563       0.2498     2.94915     34.8431
   784.757     792.161       0.2481     2.94918     34.8451
   785.350     792.761       0.2477     2.94919     34.8453
   785.944     793.361       0.2486     2.94923     34.8444
   786.536     793.960       0.2474     2.94927     34.8460
   787.132     794.563       0.2477     2.94931     34.8458
   787.729     795.167       0.2497     2.94935     34.8438
   788.331     795.775       0.2489     2.94932     34.8439
   788.939     796.390       0.2462     2.94928     34.8460
   789.551     797.009       0.2455     2.94927     34.8464
   790.166     797.631       0.2455     2.94927     34.8460
   790.785     798.257       0.2455     2.94927     34.8457
   791.407     798.886       0.2445     2.94927     34.8464
   792.029     799.515       0.2431     2.94927     34.8476
   792.649     800.142       0.2431     2.94923     34.8467
   793.263     800.763       0.2426     2.94920     34.8465
   793.869     801.376       0.2424     2.94923     34.8468
   794.471     801.985       0.2436     2.94923     34.8451
   795.074     802.594       0.2429     2.94916     34.8446
   795.677     803.204       0.2402     2.94911     34.8467
   796.283     803.817       0.2405     2.94911     34.8460
   796.891     804.432       0.2409     2.94911     34.8452
   797.503     805.051       0.2400     2.94911     34.8458
   798.117     805.672       0.2407     2.94911     34.8447
   798.735     806.297       0.2397     2.94911     34.8455
   799.353     806.922       0.2378     2.94911     34.8472
   799.974     807.550       0.2371     2.94907     34.8470
   800.597     808.180       0.2371     2.94900     34.8458
   801.218     808.808       0.2366     2.94900     34.8460
   801.838     809.435       0.2359     2.94907     34.8473
   802.456     810.060       0.2354     2.94907     34.8475
   803.073     810.684       0.2342     2.94899     34.8476
   803.687     811.305       0.2345     2.94896     34.8464
   804.298     811.923       0.2349     2.94896     34.8455
   804.908     812.540       0.2345     2.94896     34.8457
   805.518     813.157       0.2349     2.94900     34.8454
   806.126     813.772       0.2345     2.94907     34.8465
   806.735     814.388       0.2349     2.94907     34.8456
   807.345     815.005       0.2335     2.94896     34.8454
   807.958     815.625       0.2316     2.94883     34.8455
   808.576     816.250       0.2282     2.94869     34.8471
   809.194     816.875       0.2256     2.94848     34.8469
   809.812     817.500       0.2222     2.94820     34.8467
   810.431     818.126       0.2200     2.94792     34.8452
   811.053     818.755       0.2178     2.94779     34.8455
   811.676     819.385       0.2173     2.94773     34.8450
   812.300     820.016       0.2156     2.94761     34.8450
   812.925     820.648       0.2132     2.94745     34.8452
   813.553     821.283       0.2113     2.94728     34.8448
   814.181     821.918       0.2101     2.94715     34.8440
   814.809     822.554       0.2089     2.94706     34.8439
   815.437     823.189       0.2068     2.94700     34.8451
   816.062     823.821       0.2041     2.94691     34.8465
   816.686     824.452       0.2014     2.94673     34.8469
   817.312     825.085       0.1990     2.94654     34.8467
   817.938     825.718       0.1978     2.94641     34.8460
   818.563     826.350       0.1959     2.94633     34.8467
   819.186     826.981       0.1973     2.94629     34.8443
   819.807     827.609       0.1959     2.94629     34.8455
   820.425     828.234       0.1937     2.94629     34.8475
   821.045     828.861       0.1947     2.94629     34.8461
   821.664     829.487       0.1951     2.94625     34.8448
   822.282     830.112       0.1926     2.94617     34.8462
   822.900     830.737       0.1912     2.94613     34.8468
   823.516     831.360       0.1902     2.94608     34.8470
   824.131     831.982       0.1893     2.94601     34.8467
   824.744     832.602       0.1895     2.94593     34.8451
   825.355     833.220       0.1878     2.94589     34.8461
   825.961     833.833       0.1869     2.94588     34.8466
   826.563     834.442       0.1866     2.94584     34.8461
   827.162     835.048       0.1847     2.94576     34.8468
   827.756     835.649       0.1834     2.94568     34.8469
   828.347     836.246       0.1822     2.94559     34.8468
   828.933     836.839       0.1810     2.94547     34.8462
   829.518     837.431       0.1793     2.94531     34.8456
   830.102     838.021       0.1774     2.94518     34.8457
   830.682     838.608       0.1753     2.94505     34.8461
   831.264     839.197       0.1721     2.94489     34.8473
   831.850     839.790       0.1716     2.94481     34.8464
   832.442     840.388       0.1716     2.94476     34.8454
   833.038     840.991       0.1684     2.94463     34.8469
   833.638     841.598       0.1656     2.94438     34.8465
   834.240     842.207       0.1614     2.94407     34.8467
   834.841     842.815       0.1585     2.94386     34.8469
   835.438     843.419       0.1575     2.94377     34.8465
   836.032     844.020       0.1561     2.94373     34.8473
   836.629     844.623       0.1556     2.94377     34.8480
   837.229     845.230       0.1549     2.94381     34.8489
   837.831     845.839       0.1549     2.94381     34.8486
   838.436     846.451       0.1554     2.94377     34.8472
   839.037     847.059       0.1546     2.94366     34.8462
   839.634     847.663       0.1519     2.94354     34.8473
   840.223     848.259       0.1512     2.94350     34.8472
   840.803     848.845       0.1502     2.94349     34.8479
   841.373     849.422       0.1493     2.94345     34.8481
   841.938     849.994       0.1490     2.94337     34.8471
   842.502     850.564       0.1476     2.94329     34.8472
   843.065     851.134       0.1466     2.94321     34.8470
   843.627     851.702       0.1452     2.94313     34.8471
   844.189     852.271       0.1447     2.94305     34.8464
   844.753     852.841       0.1430     2.94301     34.8474
   845.321     853.416       0.1410     2.94300     34.8493
   845.896     853.997       0.1408     2.94300     34.8492
   846.478     854.586       0.1420     2.94301     34.8476
   847.071     855.186       0.1417     2.94301     34.8475
   847.670     855.792       0.1408     2.94297     34.8477
   848.274     856.403       0.1401     2.94290     34.8472
   848.885     857.021       0.1389     2.94289     34.8481
   849.503     857.646       0.1393     2.94293     34.8477
   850.126     858.276       0.1379     2.94289     34.8485
   850.753     858.910       0.1374     2.94286     34.8482
   851.382     859.547       0.1367     2.94285     34.8486
   852.013     860.185       0.1367     2.94281     34.8477
   852.644     860.823       0.1356     2.94273     34.8475
   853.276     861.463       0.1337     2.94264     34.8481
   853.912     862.106       0.1325     2.94252     34.8475
   854.547     862.748       0.1313     2.94237     34.8465
   855.182     863.391       0.1301     2.94229     34.8464
   855.818     864.034       0.1289     2.94232     34.8478
   856.452     864.675       0.1282     2.94235     34.8487
   857.084     865.315       0.1282     2.94236     34.8483
   857.716     865.954       0.1277     2.94232     34.8480
   858.350     866.595       0.1269     2.94224     34.8475
   858.985     867.238       0.1259     2.94216     34.8472
   859.621     867.881       0.1245     2.94212     34.8479
   860.257     868.524       0.1235     2.94215     34.8491
   860.893     869.168       0.1221     2.94214     34.8502
   861.533     869.815       0.1207     2.94203     34.8499
   862.173     870.463       0.1195     2.94191     34.8493
   862.812     871.109       0.1189     2.94182     34.8484
   863.448     871.753       0.1160     2.94170     34.8497
   864.085     872.397       0.1146     2.94158     34.8494
   864.719     873.038       0.1129     2.94152     34.8502
   865.349     873.676       0.1126     2.94144     34.8491
   865.978     874.312       0.1112     2.94129     34.8483
   866.608     874.949       0.1097     2.94121     34.8485
   867.237     875.586       0.1085     2.94120     34.8494
   867.866     876.222       0.1090     2.94120     34.8485
   868.498     876.861       0.1080     2.94120     34.8493
   869.129     877.500       0.1092     2.94121     34.8476
   869.760     878.138       0.1080     2.94116     34.8480
   870.391     878.776       0.1046     2.94108     34.8504
   871.021     879.414       0.1044     2.94100     34.8492
   871.652     880.052       0.1041     2.94092     34.8482
   872.281     880.688       0.1027     2.94088     34.8488
   872.906     881.321       0.1017     2.94088     34.8495
   873.532     881.954       0.1017     2.94088     34.8492
   874.158     882.587       0.1034     2.94089     34.8470
   874.783     883.220       0.1032     2.94089     34.8469
   875.407     883.851       0.1019     2.94089     34.8480
   876.029     884.480       0.1000     2.94088     34.8497
   876.651     885.109       0.1009     2.94084     34.8478
   877.270     885.736       0.0988     2.94076     34.8487
   877.885     886.358       0.0961     2.94067     34.8502
   878.497     886.977       0.0949     2.94055     34.8497
   879.107     887.594       0.0937     2.94043     34.8491
   879.713     888.207       0.0919     2.94035     34.8497
   880.314     888.815       0.0905     2.94030     34.8503
   880.908     889.416       0.0905     2.94030     34.8499
   881.493     890.008       0.0900     2.94026     34.8496
   882.067     890.589       0.0898     2.94023     34.8491
   882.629     891.157       0.0900     2.94023     34.8486
   883.173     891.708       0.0888     2.94027     34.8501
   883.700     892.241       0.0881     2.94035     34.8516
   884.212     892.759       0.0886     2.94039     34.8513
   884.715     893.268       0.0898     2.94040     34.8498
   885.218     893.777       0.0900     2.94040     34.8493
   885.725     894.290       0.0888     2.94040     34.8503
   886.241     894.812       0.0884     2.94040     34.8505
   886.771     895.348       0.0892     2.94040     34.8493
   887.319     895.902       0.0900     2.94041     34.8481
   887.887     896.477       0.0900     2.94041     34.8479
   888.477     897.074       0.0898     2.94045     34.8483
   889.086     897.690       0.0900     2.94053     34.8488
   889.714     898.326       0.0898     2.94057     34.8492
   890.358     898.977       0.0900     2.94058     34.8487
   891.014     899.641       0.0888     2.94062     34.8501
   891.680     900.315       0.0885     2.94066     34.8506
   892.354     900.997       0.0893     2.94067     34.8494
   893.036     901.687       0.0888     2.94071     34.8501
   893.721     902.380       0.0890     2.94075     34.8500
   894.399     903.066       0.0895     2.94076     34.8492
   895.068     903.743       0.0885     2.94080     34.8504
   895.729     904.411       0.0887     2.94087     34.8508
   896.379     905.069       0.0875     2.94091     34.8523
   897.020     905.717       0.0868     2.94091     34.8528
   897.648     906.353       0.0868     2.94092     34.8524
   898.271     906.983       0.0868     2.94092     34.8521
   898.892     907.612       0.0878     2.94092     34.8506
   899.516     908.243       0.0878     2.94092     34.8503
   900.145     908.879       0.0861     2.94092     34.8518
   900.777     909.519       0.0873     2.94093     34.8502
   901.416     910.165       0.0880     2.94097     34.8496
   902.060     910.817       0.0870     2.94104     34.8513
   902.709     911.474       0.0870     2.94109     34.8515
   903.363     912.135       0.0878     2.94109     34.8503
   904.017     912.797       0.0851     2.94109     34.8529
   904.674     913.462       0.0839     2.94113     34.8544
   905.331     914.127       0.0851     2.94121     34.8537
   905.986     914.789       0.0875     2.94126     34.8513
   906.636     915.447       0.0868     2.94126     34.8517
   907.282     916.101       0.0868     2.94126     34.8513
   907.922     916.748       0.0868     2.94126     34.8510
   908.556     917.390       0.0863     2.94127     34.8512
   909.186     918.027       0.0861     2.94130     34.8516
   909.813     918.662       0.0863     2.94138     34.8520
   910.443     919.299       0.0842     2.94142     34.8545
   911.075     919.939       0.0825     2.94142     34.8561
   911.709     920.580       0.0827     2.94143     34.8556
   912.343     921.222       0.0830     2.94147     34.8554
   912.981     921.867       0.0849     2.94155     34.8539
   913.624     922.518       0.0842     2.94159     34.8549
   914.274     923.175       0.0825     2.94159     34.8564
   914.927     923.836       0.0837     2.94159     34.8548
   915.584     924.501       0.0849     2.94160     34.8531
   916.243     925.168       0.0846     2.94160     34.8530
   916.905     925.838       0.0837     2.94160     34.8537
   917.569     926.510       0.0834     2.94159     34.8536
   918.236     927.184       0.0814     2.94159     34.8555
   918.903     927.859       0.0812     2.94163     34.8558
   919.571     928.535       0.0819     2.94167     34.8551
   920.240     929.212       0.0809     2.94163     34.8553
   920.910     929.890       0.0795     2.94159     34.8560
   921.582     930.570       0.0795     2.94159     34.8556
   922.256     931.252       0.0795     2.94163     34.8558
   922.931     931.935       0.0795     2.94167     34.8559
   923.608     932.620       0.0795     2.94168     34.8556
   924.286     933.306       0.0785     2.94176     34.8573
   924.961     933.989       0.0781     2.94183     34.8583
   925.632     934.668       0.0790     2.94180     34.8566
   926.297     935.341       0.0778     2.94176     34.8570
   926.958     936.010       0.0781     2.94176     34.8563
   927.613     936.673       0.0790     2.94181     34.8555
   928.262     937.330       0.0783     2.94184     34.8564
   928.904     937.979       0.0783     2.94185     34.8561
   929.538     938.621       0.0783     2.94189     34.8563
   930.167     939.258       0.0783     2.94193     34.8564
   930.793     939.891       0.0778     2.94193     34.8566
   931.418     940.523       0.0771     2.94193     34.8570
   932.040     941.153       0.0771     2.94193     34.8567
   932.659     941.779       0.0771     2.94193     34.8563
   933.274     942.402       0.0766     2.94193     34.8566
   933.889     943.024       0.0759     2.94193     34.8570
   934.504     943.646       0.0759     2.94198     34.8572
   935.115     944.265       0.0754     2.94205     34.8584
   935.725     944.882       0.0752     2.94209     34.8588
   936.333     945.497       0.0754     2.94205     34.8578
   936.942     946.114       0.0752     2.94202     34.8572
   937.552     946.731       0.0749     2.94201     34.8570
   938.160     947.346       0.0734     2.94197     34.8579
   938.767     947.960       0.0734     2.94193     34.8570
   939.372     948.573       0.0724     2.94193     34.8577
   939.978     949.186       0.0720     2.94189     34.8573
   940.583     949.798       0.0720     2.94181     34.8559
   941.187     950.409       0.0693     2.94177     34.8581
   941.790     951.020       0.0686     2.94180     34.8589
   942.395     951.632       0.0686     2.94184     34.8590
   942.999     952.243       0.0700     2.94181     34.8567
   943.603     952.854       0.0708     2.94178     34.8551
   944.207     953.466       0.0700     2.94181     34.8561
   944.812     954.078       0.0703     2.94185     34.8559
   945.417     954.690       0.0674     2.94181     34.8582
   946.024     955.304       0.0664     2.94173     34.8580
   946.630     955.918       0.0660     2.94169     34.8576
   947.239     956.534       0.0664     2.94173     34.8573
   947.847     957.149       0.0655     2.94176     34.8584
   948.452     957.762       0.0657     2.94177     34.8579
   949.059     958.376       0.0649     2.94177     34.8584
   949.668     958.992       0.0644     2.94172     34.8581
   950.277     959.609       0.0642     2.94165     34.8570
   950.886     960.225       0.0644     2.94162     34.8559
   951.495     960.841       0.0632     2.94165     34.8573
   952.103     961.456       0.0625     2.94168     34.8582
   952.712     962.073       0.0625     2.94165     34.8574
   953.322     962.690       0.0611     2.94160     34.8581
   953.933     963.309       0.0589     2.94156     34.8596
   954.544     963.927       0.0579     2.94148     34.8594
   955.154     964.544       0.0570     2.94144     34.8595
   955.761     965.159       0.0562     2.94143     34.8600
   956.369     965.774       0.0545     2.94143     34.8614
   956.975     966.387       0.0552     2.94139     34.8598
   957.582     967.001       0.0547     2.94132     34.8591
   958.187     967.614       0.0545     2.94128     34.8584
   958.792     968.226       0.0542     2.94128     34.8584
   959.393     968.834       0.0528     2.94127     34.8596
   959.990     969.439       0.0528     2.94128     34.8592
   960.589     970.045       0.0528     2.94128     34.8589
   961.187     970.650       0.0523     2.94128     34.8591
   961.785     971.255       0.0516     2.94128     34.8596
   962.379     971.856       0.0516     2.94128     34.8593
   962.967     972.452       0.0516     2.94128     34.8590
   963.551     973.043       0.0516     2.94128     34.8586
   964.134     973.633       0.0516     2.94129     34.8583
   964.717     974.223       0.0506     2.94129     34.8591
   965.297     974.810       0.0487     2.94128     34.8609
   965.877     975.397       0.0480     2.94128     34.8614
   966.459     975.986       0.0485     2.94129     34.8605
   967.044     976.578       0.0492     2.94129     34.8594
   967.628     977.169       0.0487     2.94129     34.8597
   968.210     977.758       0.0480     2.94129     34.8601
   968.794     978.349       0.0470     2.94124     34.8603
   969.380     978.942       0.0445     2.94112     34.8612
   969.967     979.536       0.0421     2.94100     34.8619
   970.554     980.130       0.0407     2.94091     34.8620
   971.140     980.723       0.0397     2.94083     34.8617
   971.722     981.313       0.0378     2.94074     34.8624
   972.299     981.897       0.0371     2.94063     34.8613
   972.875     982.479       0.0361     2.94051     34.8606
   973.447     983.058       0.0341     2.94046     34.8619
   974.018     983.636       0.0329     2.94046     34.8628
   974.589     984.214       0.0327     2.94046     34.8627
   975.160     984.792       0.0334     2.94042     34.8611
   975.730     985.369       0.0320     2.94030     34.8608
   976.298     985.944       0.0288     2.94018     34.8625
   976.867     986.520       0.0264     2.94013     34.8642
   977.436     987.096       0.0249     2.94008     34.8649
   978.004     987.671       0.0249     2.93997     34.8631
   978.571     988.245       0.0249     2.93990     34.8619
   979.138     988.819       0.0254     2.93994     34.8615
   979.706     989.393       0.0252     2.93997     34.8618
   980.271     989.965       0.0232     2.93994     34.8633
   980.834     990.535       0.0225     2.93990     34.8633
   981.397     991.105       0.0211     2.93989     34.8644
   981.959     991.674       0.0194     2.93985     34.8654
   982.519     992.241       0.0196     2.93978     34.8639
   983.082     992.811       0.0184     2.93970     34.8639
   983.650     993.385       0.0172     2.93966     34.8644
   984.218     993.960       0.0175     2.93966     34.8638
   984.780     994.529       0.0184     2.93967     34.8625
   985.340     995.096       0.0172     2.93967     34.8635
   985.901     995.664       0.0170     2.93967     34.8635
   986.462     996.232       0.0167     2.93967     34.8634
   987.024     996.801       0.0152     2.93962     34.8642
   987.588     997.371       0.0147     2.93951     34.8629
   988.152     997.942       0.0130     2.93938     34.8629
   988.715     998.512       0.0106     2.93925     34.8635
   989.276     999.080       0.0082     2.93905     34.8633
   989.837     999.648       0.0053     2.93889     34.8641
   990.400    1000.218       0.0026     2.93879     34.8656
   990.965    1000.790       0.0019     2.93872     34.8650
   991.528    1001.360       0.0009     2.93868     34.8653
   992.091    1001.929       0.0005     2.93868     34.8654
   992.653    1002.498       0.0014     2.93868     34.8642
   993.217    1003.069      -0.0003     2.93868     34.8657
   993.782    1003.641      -0.0017     2.93868     34.8670
   994.346    1004.212      -0.0012     2.93869     34.8662
   994.910    1004.783      -0.0005     2.93869     34.8651
   995.474    1005.354      -0.0005     2.93870     34.8648
   996.041    1005.928      -0.0010     2.93869     34.8650
   996.610    1006.504      -0.0022     2.93865     34.8655
   997.179    1007.080      -0.0029     2.93858     34.8650
   997.749    1007.657      -0.0034     2.93854     34.8647
   998.321    1008.236      -0.0042     2.93853     34.8652
   998.895    1008.817      -0.0047     2.93850     34.8650
   999.471    1009.400      -0.0054     2.93843     34.8645
  1000.047    1009.983      -0.0059     2.93842     34.8647
  1000.627    1010.570      -0.0061     2.93846     34.8650
  1001.212    1011.162      -0.0064     2.93842     34.8646
  1001.801    1011.758      -0.0083     2.93838     34.8659
  1002.392    1012.357      -0.0095     2.93838     34.8668
  1002.991    1012.963      -0.0107     2.93834     34.8673
  1003.594    1013.573      -0.0109     2.93831     34.8667
  1004.197    1014.184      -0.0102     2.93831     34.8656
  1004.805    1014.799      -0.0097     2.93831     34.8648
  1005.415    1015.417      -0.0100     2.93835     34.8652
  1006.027    1016.036      -0.0124     2.93834     34.8675
  1006.637    1016.654      -0.0139     2.93827     34.8679
  1007.247    1017.271      -0.0139     2.93823     34.8670
  1007.855    1017.887      -0.0139     2.93819     34.8661
  1008.464    1018.503      -0.0139     2.93816     34.8654
  1009.073    1019.120      -0.0139     2.93819     34.8655
  1009.681    1019.735      -0.0144     2.93823     34.8662
  1010.282    1020.344      -0.0141     2.93825     34.8657
  1010.877    1020.946      -0.0137     2.93829     34.8655
  1011.464    1021.540      -0.0156     2.93836     34.8682
  1012.040    1022.123      -0.0158     2.93840     34.8687
  1012.598    1022.688      -0.0156     2.93841     34.8682
  1013.132    1023.229      -0.0163     2.93837     34.8681
  1013.636    1023.739      -0.0168     2.93829     34.8674
  1014.102    1024.211      -0.0175     2.93821     34.8668
  1014.522    1024.636      -0.0185     2.93814     34.8668
  1014.879    1024.997      -0.0194     2.93818     34.8681
  1015.168    1025.290      -0.0187     2.93829     34.8686
  1015.392    1025.516      -0.0182     2.93830     34.8680
  1015.557    1025.684      -0.0180     2.93826     34.8673
  1015.679    1025.807      -0.0187     2.93826     34.8680
  1015.772    1025.901      -0.0192     2.93826     34.8685
  1015.847    1025.977      -0.0199     2.93826     34.8692
  1015.908    1026.039      -0.0204     2.93826     34.8697
  1015.960    1026.091      -0.0211     2.93826     34.8705
  1016.003    1026.135      -0.0201     2.93827     34.8694
  1016.036    1026.168      -0.0187     2.93827     34.8679
  1016.058    1026.191      -0.0192     2.93828     34.8685
  1016.075    1026.208      -0.0194     2.93831     34.8692
  1016.090    1026.223      -0.0182     2.93835     34.8684
  1016.107    1026.240      -0.0185     2.93832     34.8682
  1016.124    1026.258      -0.0194     2.93828     34.8688
  1016.140    1026.274      -0.0187     2.93828     34.8679
  1016.152    1026.286      -0.0197     2.93824     34.8686
  1016.162    1026.296      -0.0207     2.93821     34.8692
  1016.169    1026.303      -0.0204     2.93824     34.8694
