North Pole Environmental Observatory   ÑÑÑ   2001 Aerial CTD Survey
Cast 2         89deg 34.2' N _  73deg 03.5' E      4/ 9/2001 _ 1738 UTC

  Depth(m)  Pres(dbar)     Temp(degC)   Cond(S/m)    Sal(psu)
#
     1.803       1.822      -1.7782     2.55885     32.3048
     1.901       1.922      -1.7782     2.55973     32.3169
     2.000       2.022      -1.7782     2.56148     32.3411
     2.099       2.121      -1.7780     2.56390     32.3744
     2.296       2.321      -1.7765     2.56534     32.3926
     2.395       2.421      -1.7749     2.56522     32.3892
     2.494       2.521      -1.7752     2.56536     32.3914
     2.592       2.620      -1.7718     2.56555     32.3902
     2.790       2.820      -1.7698     2.56490     32.3789
     2.888       2.920      -1.7686     2.56394     32.3642
     3.184       3.219      -1.7676     2.56210     32.3375
     3.283       3.319      -1.7674     2.55950     32.3011
     3.481       3.518      -1.7664     2.55752     32.2724
     3.678       3.718      -1.7664     2.55598     32.2510
     3.974       4.017      -1.7664     2.55450     32.2302
     4.270       4.316      -1.7669     2.55351     32.2170
     4.665       4.715      -1.7683     2.55308     32.2122
     5.060       5.114      -1.7664     2.55286     32.2068
     5.553       5.613      -1.7664     2.55254     32.2022
     6.047       6.112      -1.7666     2.55250     32.2014
     6.441       6.511      -1.7674     2.55264     32.2041
     6.935       7.010      -1.7666     2.55255     32.2017
     7.231       7.309      -1.7674     2.55244     32.2008
     7.626       7.708      -1.7666     2.55235     32.1985
     7.922       8.008      -1.7670     2.55222     32.1968
     8.415       8.507      -1.7657     2.55221     32.1950
     8.909       9.005      -1.7675     2.55222     32.1968
     9.304       9.405      -1.7677     2.55206     32.1945
     9.698       9.804      -1.7685     2.55199     32.1942
    10.291      10.402      -1.7673     2.55216     32.1949
    10.883      11.001      -1.7663     2.55232     32.1956
    11.376      11.500      -1.7665     2.55240     32.1967
    11.968      12.098      -1.7673     2.55244     32.1977
    12.462      12.597      -1.7665     2.55240     32.1960
    12.955      13.096      -1.7673     2.55233     32.1956
    13.449      13.595      -1.7663     2.55226     32.1932
    13.942      14.094      -1.7663     2.55226     32.1929
    14.436      14.592      -1.7663     2.55233     32.1935
    15.028      15.191      -1.7663     2.55233     32.1933
    15.521      15.690      -1.7663     2.55234     32.1931
    16.015      16.189      -1.7663     2.55246     32.1944
    16.607      16.787      -1.7661     2.55261     32.1959
    17.298      17.486      -1.7656     2.55277     32.1971
    17.693      17.885      -1.7675     2.55288     32.2006
    18.285      18.483      -1.7673     2.55301     32.2017
    18.778      18.982      -1.7664     2.55319     32.2029
    19.272      19.481      -1.7668     2.55356     32.2082
    19.864      20.080      -1.7672     2.55429     32.2183
    20.357      20.579      -1.7679     2.55519     32.2313
    20.851      21.077      -1.7696     2.55591     32.2428
    21.443      21.676      -1.7686     2.55621     32.2455
    21.838      22.075      -1.7686     2.55628     32.2463
    22.331      22.574      -1.7690     2.55678     32.2533
    22.923      23.173      -1.7711     2.55790     32.2708
    23.417      23.671      -1.7720     2.55920     32.2895
    23.910      24.170      -1.7720     2.56034     32.3049
    24.502      24.769      -1.7722     2.56126     32.3175
    24.996      25.268      -1.7739     2.56208     32.3305
    25.489      25.766      -1.7762     2.56281     32.3429
    26.081      26.365      -1.7743     2.56337     32.3482
    26.673      26.964      -1.7745     2.56377     32.3535
    27.266      27.562      -1.7753     2.56402     32.3576
    27.858      28.161      -1.7743     2.56432     32.3602
    28.450      28.760      -1.7744     2.56477     32.3662
    29.141      29.458      -1.7756     2.56519     32.3729
    29.733      30.057      -1.7766     2.56545     32.3772
    30.325      30.655      -1.7764     2.56582     32.3817
    31.016      31.353      -1.7756     2.56638     32.3882
    31.608      31.952      -1.7763     2.56680     32.3945
    32.299      32.650      -1.7755     2.56707     32.3969
    32.792      33.149      -1.7760     2.56744     32.4022
    33.483      33.848      -1.7741     2.56799     32.4074
    34.174      34.546      -1.7741     2.56873     32.4173
    34.667      35.045      -1.7750     2.57030     32.4397
    35.456      35.843      -1.7793     2.57299     32.4812
    36.147      36.541      -1.7816     2.57557     32.5191
    36.739      37.140      -1.7837     2.57723     32.5441
    37.430      37.838      -1.7846     2.57840     32.5608
    38.220      38.637      -1.7846     2.57968     32.5782
    38.812      39.235      -1.7848     2.58129     32.6003
    39.502      39.934      -1.7859     2.58275     32.6214
    40.095      40.532      -1.7867     2.58380     32.6365
    40.785      41.231      -1.7855     2.58471     32.6474
    41.279      41.729      -1.7845     2.58582     32.6614
    42.068      42.527      -1.7852     2.58784     32.6897
    42.759      43.226      -1.7880     2.59093     32.7353
    43.351      43.824      -1.7875     2.59389     32.7754
    43.943      44.423      -1.7854     2.59633     32.8067
    44.634      45.121      -1.7839     2.59897     32.8412
    45.127      45.620      -1.7828     2.60137     32.8730
    45.818      46.319      -1.7865     2.60312     32.9011
    46.509      47.017      -1.7901     2.60485     32.9287
    47.199      47.715      -1.7889     2.60663     32.9517
    47.792      48.314      -1.7881     2.60814     32.9714
    48.482      49.012      -1.7886     2.60950     32.9905
    49.173      49.711      -1.7867     2.61090     33.0074
    49.962      50.509      -1.7862     2.61250     33.0285
    50.554      51.108      -1.7836     2.61412     33.0478
    51.245      51.806      -1.7796     2.61573     33.0653
    51.936      52.504      -1.7729     2.61833     33.0935
    52.627      53.203      -1.7642     2.62279     33.1453
    53.416      54.001      -1.7597     2.62791     33.2110
    53.909      54.500      -1.7600     2.63152     33.2611
    54.797      55.398      -1.7566     2.63351     33.2844
    55.587      56.196      -1.7546     2.63476     33.2991
    56.376      56.994      -1.7543     2.63587     33.3137
    57.067      57.692      -1.7578     2.63730     33.3370
    57.856      58.490      -1.7599     2.63923     33.3658
    58.646      59.288      -1.7561     2.64184     33.3973
    59.435      60.087      -1.7516     2.64434     33.4266
    60.027      60.685      -1.7486     2.64620     33.4487
    60.718      61.384      -1.7469     2.64816     33.4736
    61.507      62.182      -1.7442     2.65049     33.5024
    62.395      63.080      -1.7452     2.65248     33.5306
    63.185      63.878      -1.7452     2.65398     33.5510
    63.974      64.676      -1.7450     2.65541     33.5702
    64.665      65.374      -1.7442     2.65692     33.5898
    65.454      66.172      -1.7442     2.65821     33.6073
    66.243      66.971      -1.7406     2.65933     33.6182
    67.131      67.869      -1.7425     2.66064     33.6380
    68.019      68.766      -1.7461     2.66195     33.6598
    68.907      69.664      -1.7453     2.66278     33.6699
    69.795      70.562      -1.7462     2.66318     33.6759
    70.782      71.560      -1.7462     2.66355     33.6804
    71.571      72.358      -1.7462     2.66442     33.6920
    72.459      73.256      -1.7455     2.66579     33.7097
    73.347      74.154      -1.7426     2.66691     33.7215
    74.137      74.952      -1.7414     2.66788     33.7331
    74.926      75.750      -1.7362     2.66925     33.7458
    75.617      76.449      -1.7342     2.67049     33.7603
    76.505      77.346      -1.7322     2.67139     33.7699
    77.294      78.145      -1.7282     2.67222     33.7764
    77.984      78.843      -1.7273     2.67290     33.7845
    78.675      79.541      -1.7267     2.67359     33.7930
    79.464      80.339      -1.7242     2.67453     33.8027
    80.352      81.237      -1.7211     2.67563     33.8139
    81.142      82.035      -1.7194     2.67678     33.8275
    81.931      82.834      -1.7142     2.67843     33.8440
    82.819      83.732      -1.7029     2.68048     33.8589
    83.608      84.530      -1.6949     2.68190     33.8691
    84.397      85.328      -1.6928     2.68259     33.8758
    85.187      86.126      -1.6916     2.68314     33.8815
    85.877      86.824      -1.6894     2.68425     33.8940
    86.765      87.722      -1.6840     2.68598     33.9114
    87.555      88.520      -1.6807     2.68753     33.9286
    88.541      89.518      -1.6755     2.68937     33.9477
    89.330      90.316      -1.6605     2.69177     33.9633
    90.120      91.114      -1.6523     2.69362     33.9791
    91.007      92.012      -1.6487     2.69477     33.9905
    91.797      92.810      -1.6454     2.69572     33.9993
    92.685      93.708      -1.6419     2.69682     34.0101
    93.375      94.407      -1.6348     2.69808     34.0191
    94.362      95.404      -1.6322     2.69911     34.0297
    95.348      96.402      -1.6289     2.69990     34.0363
    96.039      97.100      -1.6256     2.70089     34.0457
    96.927      97.998      -1.6197     2.70208     34.0550
    97.716      98.796      -1.6171     2.70319     34.0669
    98.703      99.794      -1.6096     2.70426     34.0726
    99.393     100.492      -1.6046     2.70533     34.0812
   100.281     101.390      -1.5985     2.70641     34.0886
   101.169     102.288      -1.5912     2.70759     34.0961
   102.057     103.186      -1.5832     2.70880     34.1031
   102.747     103.885      -1.5764     2.70982     34.1091
   103.734     104.882      -1.5724     2.71061     34.1147
   104.523     105.680      -1.5738     2.71148     34.1279
   105.312     106.479      -1.5675     2.71267     34.1367
   106.200     107.376      -1.5639     2.71384     34.1482
   107.088     108.274      -1.5604     2.71495     34.1590
   107.877     109.072      -1.5550     2.71615     34.1689
   108.666     109.871      -1.5428     2.71731     34.1705
   109.554     110.768      -1.5332     2.71840     34.1740
   110.343     111.567      -1.5221     2.71962     34.1776
   111.231     112.465      -1.5085     2.72119     34.1832
   112.020     113.263      -1.4935     2.72286     34.1887
   113.007     114.260      -1.4834     2.72423     34.1953
   113.796     115.058      -1.4708     2.72544     34.1972
   114.782     116.056      -1.4598     2.72666     34.2007
   115.571     116.854      -1.4518     2.72773     34.2058
   116.459     117.752      -1.4446     2.72867     34.2101
   117.347     118.650      -1.4378     2.72949     34.2130
   118.235     119.548      -1.4359     2.73004     34.2178
   119.024     120.346      -1.4326     2.73048     34.2196
   120.010     121.344      -1.4343     2.73089     34.2266
   120.799     122.142      -1.4328     2.73128     34.2298
   121.589     122.940      -1.4304     2.73173     34.2327
   122.575     123.938      -1.4286     2.73210     34.2351
   123.364     124.736      -1.4286     2.73224     34.2365
   124.252     125.634      -1.4272     2.73277     34.2416
   125.140     126.532      -1.4189     2.73396     34.2480
   125.929     127.330      -1.4071     2.73508     34.2495
   126.915     128.328      -1.3979     2.73614     34.2530
   127.704     129.126      -1.3832     2.73782     34.2587
   128.493     129.924      -1.3589     2.74041     34.2660
   129.381     130.822      -1.3210     2.74451     34.2785
   130.269     131.720      -1.2650     2.74978     34.2863
   131.058     132.518      -1.2220     2.75400     34.2945
   132.044     133.515      -1.1928     2.75683     34.2992
   132.833     134.314      -1.1595     2.75961     34.2987
   133.721     135.211      -1.1336     2.76173     34.2976
   134.510     136.010      -1.1252     2.76322     34.3080
   135.299     136.808      -1.0961     2.76573     34.3086
   136.187     137.706      -1.0661     2.76847     34.3112
   137.075     138.604      -1.0545     2.76980     34.3155
   137.864     139.402      -1.0535     2.77046     34.3230
   138.751     140.300      -1.0377     2.77191     34.3241
   139.639     141.197      -1.0172     2.77365     34.3239
   140.428     141.996      -1.0075     2.77489     34.3292
   141.316     142.894      -0.9970     2.77594     34.3310
   142.006     143.592      -0.9891     2.77710     34.3373
   142.992     144.590      -0.9756     2.77832     34.3380
   143.683     145.288      -0.9705     2.77934     34.3456
   144.669     146.286      -0.9543     2.78068     34.3447
   145.360     146.984      -0.9343     2.78295     34.3525
   146.247     147.882      -0.8972     2.78638     34.3562
   147.135     148.780      -0.8552     2.78999     34.3569
   147.924     149.578      -0.8357     2.79200     34.3614
   148.713     150.376      -0.8359     2.79228     34.3649
   149.601     151.274      -0.8420     2.79163     34.3626
   150.390     152.072      -0.8603     2.79115     34.3764
   151.277     152.970      -0.8514     2.79161     34.3719
   152.264     153.968      -0.8521     2.79150     34.3706
   152.954     154.666      -0.8609     2.79119     34.3761
   153.842     155.564      -0.8563     2.79168     34.3768
   154.631     156.362      -0.8577     2.79205     34.3830
   155.518     157.260      -0.8459     2.79284     34.3798
   156.209     157.958      -0.8336     2.79401     34.3812
   157.195     158.956      -0.8164     2.79612     34.3896
   158.082     159.854      -0.7768     2.79962     34.3914
   158.871     160.652      -0.7509     2.80296     34.4067
   159.660     161.450      -0.7035     2.80728     34.4107
   160.548     162.348      -0.6409     2.81231     34.4069
   161.337     163.146      -0.6104     2.81568     34.4172
   162.224     164.044      -0.5838     2.81807     34.4186
   163.013     164.842      -0.5647     2.81985     34.4205
   163.901     165.740      -0.5577     2.82074     34.4239
   164.690     166.538      -0.5522     2.82190     34.4328
   165.578     167.436      -0.5287     2.82458     34.4417
   166.268     168.135      -0.4893     2.82790     34.4412
   167.155     169.032      -0.4697     2.82997     34.4462
   167.944     169.831      -0.4603     2.83096     34.4484
   168.733     170.629      -0.4534     2.83188     34.4523
   169.621     171.527      -0.4395     2.83342     34.4568
   170.508     172.424      -0.4151     2.83582     34.4607
   171.297     173.223      -0.3882     2.83804     34.4596
   172.086     174.021      -0.3747     2.83933     34.4610
   172.875     174.819      -0.3625     2.84077     34.4661
   173.664     175.617      -0.3319     2.84387     34.4723
   174.552     176.515      -0.2959     2.84770     34.4824
   175.242     177.213      -0.2660     2.85094     34.4913
   176.130     178.111      -0.2344     2.85373     34.4923
   176.918     178.909      -0.2150     2.85577     34.4971
   177.806     179.807      -0.2022     2.85702     34.4987
   178.595     180.605      -0.1921     2.85825     34.5032
   179.482     181.503      -0.1770     2.85975     34.5056
   180.370     182.401      -0.1557     2.86166     34.5064
   180.962     183.000      -0.1339     2.86377     34.5095
   182.046     184.097      -0.1195     2.86582     34.5198
   182.835     184.895      -0.0959     2.86833     34.5261
   183.723     185.793      -0.0666     2.87107     34.5289
   184.413     186.492      -0.0451     2.87327     34.5333
   185.300     187.389      -0.0277     2.87516     34.5383
   186.188     188.287      -0.0040     2.87761     34.5435
   186.977     189.085       0.0212     2.88015     34.5482
   187.864     189.983       0.0381     2.88209     34.5543
   188.850     190.981       0.0577     2.88398     34.5567
   189.541     191.679       0.0735     2.88585     34.5633
   190.428     192.577       0.0869     2.88728     34.5665
   191.217     193.375       0.0979     2.88880     34.5738
   192.104     194.273       0.1227     2.89131     34.5784
   192.795     194.972       0.1531     2.89414     34.5812
   193.781     195.969       0.1706     2.89626     34.5888
   194.668     196.867       0.1804     2.89758     34.5947
   195.457     197.665       0.1888     2.89857     34.5977
   196.344     198.563       0.2002     2.89987     34.6015
   197.035     199.262       0.2166     2.90164     34.6059
   198.021     200.259       0.2346     2.90349     34.6095
   198.810     201.057       0.2508     2.90508     34.6117
   199.697     201.955       0.2633     2.90653     34.6162
   200.486     202.754       0.2774     2.90829     34.6230
   201.570     203.851       0.2958     2.90999     34.6240
   202.359     204.649       0.3047     2.91094     34.6260
   203.148     205.447       0.3081     2.91137     34.6274
   203.937     206.245       0.3124     2.91192     34.6292
   204.824     207.143       0.3204     2.91281     34.6314
   205.613     207.941       0.3278     2.91371     34.6345
   206.500     208.839       0.3344     2.91446     34.6364
   207.289     209.637       0.3443     2.91527     34.6353
   208.177     210.535       0.3541     2.91619     34.6360
   209.064     211.433       0.3631     2.91719     34.6383
   209.754     212.132       0.3699     2.91832     34.6452
   210.642     213.029       0.3819     2.91966     34.6488
   211.529     213.927       0.3971     2.92116     34.6508
   212.318     214.725       0.4140     2.92276     34.6523
   213.205     215.623       0.4302     2.92457     34.6573
   214.092     216.521       0.4477     2.92655     34.6630
   214.881     217.319       0.4690     2.92938     34.6757
   215.670     218.118       0.5189     2.93434     34.6841
   216.557     219.015       0.5748     2.93978     34.6918
   217.346     219.814       0.6157     2.94364     34.6959
   218.233     220.711       0.6415     2.94615     34.6992
   219.022     221.510       0.6569     2.94780     34.7029
   219.811     222.308       0.6709     2.94936     34.7070
   220.698     223.206       0.6864     2.95113     34.7122
   221.487     224.004       0.6996     2.95248     34.7145
   222.473     225.001       0.7079     2.95368     34.7202
   223.262     225.800       0.7242     2.95548     34.7249
   224.149     226.697       0.7447     2.95748     34.7273
   224.839     227.396       0.7575     2.95905     34.7330
   225.726     228.294       0.7716     2.96036     34.7337
   226.614     229.192       0.7828     2.96157     34.7363
   227.402     229.990       0.7936     2.96267     34.7381
   228.290     230.888       0.8058     2.96420     34.7437
   228.980     231.586       0.8299     2.96659     34.7474
   229.867     232.484       0.8493     2.96881     34.7538
   230.754     233.382       0.8606     2.97011     34.7576
   231.444     234.080       0.8691     2.97077     34.7562
   232.233     234.878       0.8664     2.97078     34.7588
   233.219     235.876       0.8612     2.97030     34.7579
   234.008     236.674       0.8524     2.96950     34.7569
   234.698     237.372       0.8396     2.96839     34.7564
   235.585     238.270       0.8275     2.96754     34.7584
   236.472     239.168       0.8340     2.96875     34.7662
   237.162     239.867       0.8761     2.97276     34.7707
   238.050     240.764       0.9157     2.97682     34.7784
   238.937     241.662       0.9353     2.97882     34.7818
   239.824     242.560       0.9429     2.97964     34.7834
   240.613     243.358       0.9559     2.98119     34.7884
   241.402     244.156       0.9959     2.98474     34.7891
   242.190     244.955       1.0404     2.98924     34.7970
   242.979     245.753       1.0690     2.99225     34.8034
   243.866     246.651       1.0748     2.99291     34.8049
   244.655     247.449       1.0719     2.99248     34.8022
   245.443     248.247       1.0651     2.99187     34.8014
   246.331     249.145       1.0539     2.99099     34.8020
   247.218     250.043       1.0427     2.98996     34.8007
   247.908     250.741       1.0315     2.98893     34.7995
   248.696     251.539       1.0207     2.98800     34.7991
   249.485     252.337       1.0131     2.98746     34.8002
   250.372     253.235       1.0102     2.98715     34.7989
   251.161     254.033       1.0016     2.98624     34.7963
   251.950     254.831       0.9827     2.98467     34.7967
   252.935     255.829       0.9706     2.98351     34.7946
   253.724     256.627       0.9643     2.98300     34.7946
   254.513     257.425       0.9596     2.98266     34.7950
   255.301     258.223       0.9531     2.98210     34.7945
   256.090     259.022       0.9423     2.98104     34.7925
   256.878     259.820       0.9297     2.97994     34.7919
   257.963     260.917       0.9209     2.97919     34.7913
   258.653     261.616       0.9130     2.97855     34.7915
   259.638     262.613       0.9045     2.97779     34.7906
   260.328     263.312       0.8946     2.97701     34.7912
   261.117     264.110       0.8901     2.97657     34.7900
   262.004     265.008       0.8863     2.97641     34.7917
   262.793     265.806       0.8845     2.97627     34.7913
   263.680     266.704       0.8793     2.97586     34.7914
   264.567     267.601       0.8712     2.97520     34.7914
   265.454     268.499       0.8674     2.97530     34.7964
   266.144     269.198       0.8865     2.97711     34.7981
   267.031     270.096       0.9106     2.97938     34.7999
   268.017     271.093       0.9153     2.98020     34.8047
   268.707     271.792       0.9106     2.98019     34.8093
   269.594     272.690       0.9207     2.98114     34.8098
   270.481     273.587       0.9400     2.98323     34.8147
   271.270     274.386       0.9596     2.98536     34.8198
   272.157     275.283       0.9765     2.98709     34.8228
   272.847     275.982       0.9927     2.98878     34.8260
   273.832     276.979       1.0045     2.99006     34.8288
   274.621     277.778       1.0091     2.99058     34.8299
   275.508     278.675       1.0098     2.99076     34.8309
   276.297     279.474       1.0155     2.99128     34.8308
   277.184     280.371       1.0351     2.99329     34.8342
   278.071     281.269       1.0683     2.99675     34.8412
   278.859     282.068       1.0919     2.99947     34.8494
   279.549     282.766       1.1004     3.00037     34.8511
   280.535     283.764       1.1022     3.00043     34.8493
   281.323     284.562       1.1022     3.00042     34.8487
   282.112     285.360       1.1015     3.00037     34.8483
   282.802     286.058       1.0995     3.00035     34.8499
   283.787     287.056       1.1018     3.00040     34.8474
   284.576     287.854       1.0993     3.00033     34.8488
   285.463     288.752       1.0959     3.00009     34.8490
   286.251     289.550       1.0925     2.99979     34.8485
   287.040     290.348       1.0888     2.99944     34.8476
   287.828     291.146       1.0825     2.99892     34.8475
   288.715     292.044       1.0746     2.99841     34.8492
   289.504     292.842       1.0717     2.99815     34.8486
   290.391     293.740       1.0706     2.99808     34.8484
   291.278     294.638       1.0688     2.99794     34.8482
   291.968     295.336       1.0623     2.99734     34.8473
   292.953     296.334       1.0495     2.99639     34.8487
   293.643     297.032       1.0441     2.99579     34.8466
   294.629     298.030       1.0403     2.99555     34.8472
   295.319     298.728       1.0385     2.99539     34.8467
   296.107     299.526       1.0354     2.99525     34.8480
   296.994     300.424       1.0363     2.99513     34.8448
   297.783     301.222       1.0318     2.99488     34.8462
   298.472     301.921       1.0273     2.99455     34.8465
   299.261     302.719       1.0215     2.99401     34.8455
   300.049     303.517       1.0102     2.99314     34.8465
   300.838     304.315       0.9999     2.99220     34.8455
   301.626     305.113       0.9929     2.99146     34.8433
   302.513     306.011       0.9846     2.99077     34.8431
   303.302     306.809       0.9727     2.98966     34.8417
   304.090     307.607       0.9554     2.98833     34.8433
   304.878     308.406       0.9466     2.98753     34.8423
   305.667     309.204       0.9434     2.98728     34.8423
   306.357     309.902       0.9408     2.98709     34.8423
   307.145     310.700       0.9382     2.98671     34.8398
   307.933     311.498       0.9338     2.98619     34.8376
   308.820     312.396       0.9232     2.98563     34.8417
   309.609     313.194       0.9165     2.98514     34.8424
   310.299     313.893       0.9138     2.98474     34.8397
   311.087     314.691       0.9086     2.98426     34.8389
   311.974     315.589       0.9003     2.98366     34.8399
   312.664     316.287       0.8909     2.98294     34.8408
   313.452     317.085       0.8835     2.98215     34.8383
   314.142     317.784       0.8733     2.98128     34.8380
   314.930     318.582       0.8636     2.98034     34.8362
   315.719     319.380       0.8553     2.97954     34.8348
   316.606     320.278       0.8459     2.97885     34.8357
   317.394     321.076       0.8391     2.97811     34.8334
   318.084     321.774       0.8317     2.97744     34.8326
   318.774     322.473       0.8222     2.97688     34.8355
   319.562     323.271       0.8164     2.97642     34.8356
   320.350     324.069       0.8139     2.97615     34.8344
   321.139     324.867       0.8107     2.97603     34.8360
   322.026     325.765       0.8089     2.97600     34.8370
   322.715     326.463       0.8087     2.97596     34.8364
   323.405     327.161       0.8080     2.97587     34.8355
   324.193     327.960       0.8082     2.97576     34.8334
   324.982     328.758       0.8048     2.97559     34.8346
   325.770     329.556       0.8013     2.97525     34.8336
   326.558     330.354       0.7963     2.97479     34.8328
   327.248     331.052       0.7895     2.97432     34.8339
   328.037     331.850       0.7839     2.97393     34.8347
   328.825     332.649       0.7823     2.97370     34.8330
   329.416     333.247       0.7794     2.97358     34.8344
   330.303     334.145       0.7790     2.97355     34.8339
   331.091     334.943       0.7803     2.97357     34.8322
   331.880     335.741       0.7783     2.97361     34.8346
   332.569     336.440       0.7776     2.97369     34.8359
   333.358     337.238       0.7801     2.97399     34.8365
   334.047     337.936       0.7918     2.97537     34.8409
   334.934     338.834       0.8155     2.97748     34.8411
   335.624     339.532       0.8245     2.97869     34.8464
   336.412     340.331       0.8313     2.97947     34.8483
   337.201     341.129       0.8455     2.98062     34.8469
   337.989     341.927       0.8525     2.98155     34.8506
   338.777     342.725       0.8560     2.98223     34.8550
   339.467     343.423       0.8623     2.98310     34.8588
   340.452     344.421       0.8745     2.98403     34.8566
   341.240     345.219       0.8799     2.98463     34.8578
   341.930     345.917       0.8804     2.98488     34.8601
   342.620     346.616       0.8822     2.98501     34.8594
   343.408     347.414       0.8820     2.98505     34.8596
   344.098     348.112       0.8806     2.98505     34.8607
   344.985     349.010       0.8790     2.98504     34.8619
   345.773     349.808       0.8797     2.98505     34.8608
   346.463     350.507       0.8795     2.98521     34.8626
   347.349     351.404       0.8824     2.98550     34.8627
   348.039     352.103       0.8835     2.98570     34.8636
   348.729     352.801       0.8846     2.98579     34.8631
   349.616     353.699       0.8856     2.98591     34.8630
   350.305     354.397       0.8856     2.98605     34.8644
   351.094     355.196       0.8856     2.98608     34.8644
   351.882     355.994       0.8849     2.98597     34.8632
   352.670     356.792       0.8813     2.98572     34.8636
   353.458     357.590       0.8768     2.98541     34.8641
   354.246     358.388       0.8734     2.98518     34.8644
   354.838     358.987       0.8741     2.98514     34.8628
   355.724     359.884       0.8736     2.98528     34.8647
   356.513     360.683       0.8754     2.98544     34.8643
   357.695     361.880       0.8759     2.98562     34.8654
   358.680     362.877       0.8791     2.98605     34.8668
   359.468     363.676       0.8852     2.98662     34.8668
   360.158     364.374       0.8878     2.98693     34.8675
   360.946     365.172       0.8874     2.98691     34.8672
   361.734     365.970       0.8854     2.98676     34.8671
   362.522     366.768       0.8840     2.98664     34.8666
   363.311     367.566       0.8820     2.98655     34.8672
   364.099     368.364       0.8804     2.98643     34.8669
   364.789     369.063       0.8775     2.98627     34.8677
   365.577     369.861       0.8766     2.98615     34.8667
   366.365     370.659       0.8759     2.98602     34.8654
   367.054     371.357       0.8725     2.98582     34.8662
   367.843     372.156       0.8698     2.98563     34.8662
   368.729     373.053       0.8696     2.98555     34.8649
   369.419     373.752       0.8683     2.98553     34.8657
   370.306     374.650       0.8663     2.98545     34.8664
   370.995     375.348       0.8647     2.98530     34.8658
   371.685     376.046       0.8613     2.98509     34.8665
   372.276     376.645       0.8582     2.98482     34.8661
   373.064     377.443       0.8557     2.98458     34.8653
   373.852     378.241       0.8521     2.98436     34.8661
   374.640     379.039       0.8476     2.98404     34.8665
   375.429     379.837       0.8431     2.98365     34.8661
   376.118     380.536       0.8388     2.98331     34.8660
   377.005     381.434       0.8356     2.98311     34.8665
   377.694     382.132       0.8340     2.98309     34.8676
   378.384     382.830       0.8343     2.98304     34.8662
   379.172     383.628       0.8314     2.98286     34.8667
   379.960     384.427       0.8298     2.98270     34.8660
   380.748     385.225       0.8266     2.98258     34.8675
   381.537     386.023       0.8250     2.98247     34.8674
   382.226     386.721       0.8262     2.98247     34.8656
   382.817     387.320       0.8260     2.98242     34.8648
   383.704     388.218       0.8210     2.98218     34.8668
   384.492     389.016       0.8208     2.98221     34.8670
   385.181     389.714       0.8278     2.98277     34.8659
   385.871     390.412       0.8307     2.98325     34.8685
   386.758     391.310       0.8314     2.98331     34.8680
   387.447     392.009       0.8296     2.98309     34.8667
   388.137     392.707       0.8251     2.98273     34.8667
   388.925     393.505       0.8199     2.98229     34.8664
   389.614     394.204       0.8122     2.98181     34.8684
   390.403     395.002       0.8061     2.98134     34.8686
   391.191     395.800       0.8026     2.98100     34.8677
   391.880     396.498       0.7997     2.98094     34.8698
   392.668     397.296       0.8019     2.98102     34.8679
   393.358     397.995       0.7994     2.98081     34.8675
   394.244     398.892       0.7940     2.98009     34.8638
   394.934     399.591       0.7821     2.97925     34.8658
   395.722     400.389       0.7766     2.97875     34.8650
   396.412     401.087       0.7719     2.97842     34.8655
   397.200     401.885       0.7672     2.97808     34.8659
   397.889     402.584       0.7665     2.97793     34.8643
   398.579     403.282       0.7676     2.97796     34.8631
   399.367     404.080       0.7687     2.97800     34.8620
   400.155     404.878       0.7690     2.97802     34.8614
   400.943     405.676       0.7663     2.97810     34.8650
   401.632     406.375       0.7667     2.97826     34.8662
   402.420     407.173       0.7690     2.97844     34.8654
   403.307     408.071       0.7708     2.97867     34.8660
   403.996     408.769       0.7713     2.97889     34.8678
   404.686     409.468       0.7713     2.97881     34.8664
   405.572     410.365       0.7636     2.97840     34.8692
   406.163     410.964       0.7611     2.97803     34.8669
   406.951     411.762       0.7586     2.97796     34.8682
   407.739     412.560       0.7607     2.97824     34.8690
   408.429     413.259       0.7661     2.97878     34.8696
   409.217     414.057       0.7708     2.97929     34.8704
   410.005     414.855       0.7753     2.97962     34.8692
   410.694     415.553       0.7754     2.97974     34.8703
   411.482     416.351       0.7752     2.97972     34.8698
   412.172     417.050       0.7738     2.97969     34.8705
   412.960     417.848       0.7722     2.97969     34.8718
   413.748     418.646       0.7736     2.97978     34.8710
   414.437     419.344       0.7758     2.97997     34.8706
   415.127     420.043       0.7778     2.98016     34.8704
   415.915     420.841       0.7779     2.98019     34.8702
   416.703     421.639       0.7732     2.97994     34.8717
   417.392     422.337       0.7675     2.97940     34.8708
   418.180     423.135       0.7598     2.97851     34.8674
   418.968     423.933       0.7461     2.97752     34.8694
   419.658     424.632       0.7409     2.97703     34.8685
   420.446     425.430       0.7382     2.97694     34.8699
   421.135     426.128       0.7375     2.97682     34.8687
   421.726     426.727       0.7343     2.97661     34.8693
   422.612     427.625       0.7332     2.97659     34.8697
   423.203     428.223       0.7343     2.97654     34.8675
   424.090     429.121       0.7255     2.97589     34.8684
   424.779     429.819       0.7147     2.97499     34.8684
   425.567     430.618       0.7104     2.97447     34.8660
   426.257     431.316       0.7068     2.97425     34.8667
   427.045     432.114       0.7028     2.97408     34.8686
   427.734     432.812       0.7008     2.97396     34.8688
   428.620     433.710       0.6991     2.97381     34.8682
   429.211     434.309       0.6963     2.97359     34.8682
   429.901     435.007       0.6955     2.97350     34.8675
   430.787     435.905       0.6972     2.97370     34.8676
   431.477     436.603       0.7001     2.97411     34.8693
   432.166     437.302       0.7010     2.97436     34.8712
   432.856     438.000       0.7021     2.97458     34.8724
   433.545     438.698       0.7086     2.97524     34.8733
   434.333     439.497       0.7177     2.97608     34.8734
   435.121     440.295       0.7218     2.97649     34.8738
   435.810     440.993       0.7234     2.97661     34.8730
   436.401     441.592       0.7225     2.97669     34.8747
   437.287     442.490       0.7225     2.97673     34.8747
   438.075     443.288       0.7223     2.97673     34.8745
   438.765     443.986       0.7215     2.97673     34.8749
   439.553     444.784       0.7218     2.97665     34.8731
   440.242     445.482       0.7191     2.97646     34.8733
   440.931     446.181       0.7186     2.97631     34.8715
   441.719     446.979       0.7164     2.97621     34.8722
   442.310     447.578       0.7135     2.97600     34.8724
   443.098     448.376       0.7083     2.97566     34.8733
   443.787     449.074       0.7054     2.97538     34.8726
   444.575     449.872       0.7040     2.97520     34.8714
   445.265     450.570       0.7008     2.97493     34.8709
   446.053     451.369       0.6945     2.97458     34.8730
   446.742     452.067       0.6905     2.97433     34.8738
   447.431     452.765       0.6882     2.97409     34.8729
   448.121     453.464       0.6857     2.97383     34.8719
   448.810     454.162       0.6828     2.97369     34.8729
   449.696     455.060       0.6830     2.97386     34.8744
   450.386     455.758       0.6889     2.97447     34.8753
   451.075     456.457       0.6954     2.97511     34.8760
   451.764     457.155       0.7000     2.97536     34.8737
   452.552     457.953       0.6984     2.97521     34.8730
   453.242     458.651       0.6903     2.97470     34.8750
   454.029     459.449       0.6819     2.97397     34.8745
   454.719     460.148       0.6769     2.97343     34.8727
   455.408     460.846       0.6747     2.97325     34.8724
   456.097     461.544       0.6724     2.97317     34.8735
   456.984     462.442       0.6693     2.97284     34.8722
   457.673     463.141       0.6621     2.97216     34.8710
   458.362     463.839       0.6537     2.97150     34.8716
   459.150     464.637       0.6490     2.97118     34.8721
   459.643     465.136       0.6485     2.97113     34.8717
   460.430     465.934       0.6496     2.97119     34.8709
   461.120     466.632       0.6467     2.97112     34.8727
   461.908     467.431       0.6456     2.97098     34.8717
   462.597     468.129       0.6445     2.97089     34.8714
   463.483     469.027       0.6433     2.97079     34.8709
   464.172     469.725       0.6420     2.97076     34.8716
   464.960     470.523       0.6409     2.97087     34.8738
   465.650     471.222       0.6443     2.97108     34.8723
   466.437     472.020       0.6472     2.97135     34.8721
   467.127     472.718       0.6479     2.97147     34.8724
   467.717     473.317       0.6465     2.97134     34.8719
   468.505     474.115       0.6447     2.97123     34.8721
   469.195     474.813       0.6447     2.97128     34.8723
   469.982     475.611       0.6454     2.97147     34.8735
   470.770     476.409       0.6479     2.97173     34.8737
   471.459     477.108       0.6472     2.97185     34.8756
   472.149     477.806       0.6477     2.97183     34.8743
   472.936     478.604       0.6459     2.97175     34.8748
   473.626     479.302       0.6448     2.97162     34.8740
   474.315     480.001       0.6393     2.97134     34.8761
   475.103     480.799       0.6350     2.97095     34.8754
   475.890     481.597       0.6316     2.97058     34.8740
   476.580     482.295       0.6275     2.97018     34.8729
   477.367     483.094       0.6210     2.96967     34.8732
   477.958     483.692       0.6158     2.96924     34.8731
   478.746     484.490       0.6124     2.96899     34.8732
   479.435     485.189       0.6090     2.96878     34.8739
   480.124     485.887       0.6061     2.96856     34.8738
   480.814     486.585       0.6047     2.96840     34.8729
   481.503     487.284       0.6027     2.96831     34.8735
   482.389     488.181       0.6009     2.96814     34.8728
   483.078     488.880       0.5957     2.96775     34.8732
   483.669     489.478       0.5885     2.96722     34.8740
   484.457     490.276       0.5844     2.96686     34.8734
   485.245     491.075       0.5819     2.96663     34.8728
   485.934     491.773       0.5782     2.96624     34.8715
   486.525     492.372       0.5733     2.96573     34.8700
   487.312     493.170       0.5684     2.96529     34.8693
   488.002     493.868       0.5636     2.96491     34.8694
   488.789     494.666       0.5593     2.96456     34.8691
   489.577     495.464       0.5555     2.96423     34.8686
   490.266     496.163       0.5503     2.96392     34.8700
   490.857     496.761       0.5474     2.96373     34.8704
   491.645     497.559       0.5460     2.96368     34.8709
   492.334     498.258       0.5444     2.96369     34.8725
   493.023     498.956       0.5460     2.96382     34.8720
   493.811     499.754       0.5496     2.96409     34.8709
   494.500     500.452       0.5548     2.96458     34.8710
   495.189     501.151       0.5619     2.96526     34.8715
   495.977     501.949       0.5648     2.96565     34.8730
   496.666     502.647       0.5655     2.96569     34.8722
   497.257     503.246       0.5641     2.96558     34.8721
   498.044     504.044       0.5621     2.96549     34.8726
   498.635     504.642       0.5623     2.96559     34.8733
   499.423     505.441       0.5658     2.96571     34.8705
   500.210     506.239       0.5601     2.96540     34.8724
   500.998     507.037       0.5539     2.96482     34.8714
   501.589     507.635       0.5460     2.96418     34.8715
   502.376     508.433       0.5386     2.96356     34.8713
   503.066     509.132       0.5336     2.96319     34.8717
   503.853     509.930       0.5318     2.96302     34.8710
   504.542     510.628       0.5309     2.96286     34.8696
   505.330     511.426       0.5268     2.96270     34.8716
   506.019     512.125       0.5243     2.96254     34.8719
   506.708     512.823       0.5212     2.96236     34.8726
   507.594     513.721       0.5194     2.96227     34.8730
   508.284     514.419       0.5212     2.96260     34.8749
   508.973     515.118       0.5298     2.96337     34.8749
   509.662     515.816       0.5366     2.96414     34.8769
   510.450     516.614       0.5425     2.96459     34.8756
   511.237     517.412       0.5438     2.96469     34.8749
   511.828     518.011       0.5416     2.96451     34.8747
   512.419     518.609       0.5396     2.96429     34.8738
   512.812     519.008       0.5384     2.96421     34.8738
   513.108     519.308       0.5380     2.96424     34.8745
   513.206     519.407       0.5396     2.96432     34.8737
