North Pole Environmental Observatory   ÑÑÑ   2002 Aerial CTD Survey
Cast 10 (Hydro-0)    85deg 10.7'N _ 165deg 16.4'E  4/27/2002 _ 1433 UTC

  Depth(m)  Pres(dbar)    Temp(degC)   Cond(S/m)    Sal(psu)
#
     0.929       0.936     -1.7657     2.52885     31.8761
     0.956       0.963     -1.7660     2.52920     31.8813
     0.987       0.994     -1.7647     2.52955     31.8847
     1.023       1.031     -1.7635     2.52970     31.8854
     1.069       1.077     -1.7637     2.52982     31.8872
     1.123       1.132     -1.7635     2.52990     31.8881
     1.184       1.193     -1.7622     2.53034     31.8927
     1.249       1.258     -1.7603     2.53057     31.8938
     1.318       1.328     -1.7585     2.53044     31.8901
     1.390       1.401     -1.7588     2.53027     31.8880
     1.470       1.481     -1.7585     2.53002     31.8842
     1.561       1.573     -1.7580     2.52968     31.8789
     1.668       1.681     -1.7595     2.52948     31.8776
     1.790       1.804     -1.7598     2.52945     31.8775
     1.925       1.940     -1.7578     2.52937     31.8741
     2.070       2.086     -1.7553     2.52922     31.8693
     2.223       2.240     -1.7520     2.52910     31.8640
     2.373       2.391     -1.7446     2.52941     31.8602
     2.669       2.689     -1.7467     2.52873     31.8530
     2.983       3.006     -1.7483     2.52851     31.8514
     3.313       3.338     -1.7466     2.52848     31.8490
     3.656       3.684     -1.7474     2.52845     31.8492
     4.012       4.043     -1.7480     2.52839     31.8488
     4.379       4.412     -1.7488     2.52837     31.8491
     4.752       4.788     -1.7499     2.52838     31.8502
     5.133       5.172     -1.7505     2.52840     31.8509
     5.519       5.561     -1.7491     2.52842     31.8495
     5.910       5.955     -1.7497     2.52848     31.8507
     6.306       6.354     -1.7495     2.52857     31.8515
     6.704       6.755     -1.7481     2.52864     31.8507
     7.104       7.158     -1.7487     2.52866     31.8513
     7.504       7.561     -1.7495     2.52867     31.8521
     7.905       7.965     -1.7495     2.52869     31.8521
     8.309       8.372     -1.7501     2.52870     31.8527
     8.714       8.780     -1.7515     2.52872     31.8542
     9.121       9.191     -1.7513     2.52873     31.8540
     9.532       9.605     -1.7499     2.52875     31.8525
     9.948      10.024     -1.7505     2.52877     31.8531
    10.368      10.447     -1.7508     2.52882     31.8539
    10.788      10.870     -1.7501     2.52888     31.8537
    11.209      11.294     -1.7507     2.52890     31.8544
    11.631      11.720     -1.7515     2.52895     31.8557
    12.058      12.150     -1.7506     2.52901     31.8552
    12.488      12.583     -1.7497     2.52903     31.8543
    12.919      13.018     -1.7505     2.52904     31.8551
    13.353      13.455     -1.7506     2.52906     31.8552
    13.789      13.894     -1.7512     2.52912     31.8563
    14.224      14.333     -1.7520     2.52921     31.8581
    14.661      14.773     -1.7520     2.52926     31.8586
    15.100      15.215     -1.7517     2.52928     31.8583
    15.538      15.657     -1.7515     2.52930     31.8581
    15.977      16.099     -1.7528     2.52931     31.8594
    16.419      16.544     -1.7526     2.52933     31.8591
    16.865      16.994     -1.7512     2.52939     31.8582
    17.315      17.447     -1.7523     2.52948     31.8603
    17.766      17.902     -1.7528     2.52953     31.8613
    18.220      18.359     -1.7520     2.52955     31.8605
    18.676      18.819     -1.7528     2.52956     31.8612
    19.136      19.282     -1.7528     2.52958     31.8612
    19.595      19.745     -1.7539     2.52964     31.8629
    20.050      20.203     -1.7545     2.52978     31.8651
    20.500      20.657     -1.7541     2.52999     31.8673
    20.949      21.109     -1.7556     2.53015     31.8710
    21.396      21.560     -1.7557     2.53022     31.8718
    21.841      22.008     -1.7553     2.53028     31.8719
    22.284      22.455     -1.7542     2.53038     31.8718
    22.729      22.903     -1.7545     2.53047     31.8731
    23.178      23.355     -1.7556     2.53052     31.8747
    23.627      23.808     -1.7554     2.53054     31.8746
    24.079      24.263     -1.7562     2.53060     31.8759
    24.530      24.718     -1.7563     2.53069     31.8770
    24.982      25.173     -1.7569     2.53078     31.8787
    25.432      25.627     -1.7582     2.53087     31.8810
    25.884      26.082     -1.7580     2.53094     31.8814
    26.338      26.540     -1.7561     2.53100     31.8800
    26.793      26.998     -1.7564     2.53114     31.8819
    27.249      27.458     -1.7580     2.53131     31.8857
    27.705      27.917     -1.7581     2.53148     31.8880
    28.156      28.372     -1.7582     2.53164     31.8899
    28.605      28.824     -1.7592     2.53191     31.8945
    29.053      29.276     -1.7603     2.53243     31.9026
    29.499      29.725     -1.7606     2.53301     31.9107
    29.944      30.174     -1.7622     2.53348     31.9186
    30.392      30.625     -1.7623     2.53391     31.9244
    30.842      31.079     -1.7624     2.53437     31.9306
    31.295      31.535     -1.7630     2.53483     31.9374
    31.744      31.988     -1.7638     2.53521     31.9432
    32.193      32.440     -1.7639     2.53551     31.9472
    32.642      32.893     -1.7645     2.53569     31.9501
    33.092      33.346     -1.7653     2.53580     31.9521
    33.541      33.799     -1.7649     2.53593     31.9533
    33.988      34.249     -1.7642     2.53607     31.9541
    34.435      34.699     -1.7643     2.53613     31.9548
    34.881      35.149     -1.7653     2.53619     31.9564
    35.330      35.601     -1.7664     2.53627     31.9585
    35.780      36.055     -1.7657     2.53634     31.9584
    36.232      36.510     -1.7668     2.53640     31.9601
    36.683      36.965     -1.7684     2.53652     31.9633
    37.135      37.420     -1.7685     2.53665     31.9650
    37.586      37.875     -1.7676     2.53672     31.9646
    38.038      38.330     -1.7671     2.53678     31.9647
    38.488      38.784     -1.7682     2.53691     31.9674
    38.938      39.237     -1.7681     2.53705     31.9688
    39.392      39.695     -1.7689     2.53715     31.9708
    39.849      40.156     -1.7690     2.53729     31.9726
    40.306      40.616     -1.7696     2.53751     31.9760
    40.760      41.074     -1.7704     2.53780     31.9807
    41.217      41.534     -1.7700     2.53814     31.9846
    41.677      41.998     -1.7693     2.53844     31.9877
    42.140      42.464     -1.7694     2.53862     31.9901
    42.602      42.930     -1.7700     2.53873     31.9919
    43.064      43.396     -1.7703     2.53886     31.9938
    43.526      43.861     -1.7706     2.53900     31.9958
    43.986      44.325     -1.7722     2.53913     31.9991
    44.448      44.790     -1.7718     2.53931     32.0008
    44.910      45.256     -1.7706     2.53945     32.0011
    45.375      45.725     -1.7704     2.53955     32.0020
    45.844      46.197     -1.7718     2.53965     32.0046
    46.310      46.667     -1.7721     2.53978     32.0065
    46.772      47.133     -1.7699     2.53992     32.0058
    47.233      47.597     -1.7662     2.54003     32.0030
    47.694      48.062     -1.7624     2.54017     32.0005
    48.156      48.527     -1.7651     2.54032     32.0053
    48.617      48.992     -1.7725     2.54048     32.0152
    49.079      49.458     -1.7725     2.54082     32.0196
    49.542      49.924     -1.7719     2.54147     32.0276
    50.005      50.391     -1.7701     2.54271     32.0427
    50.467      50.857     -1.7681     2.54547     32.0785
    50.932      51.325     -1.7673     2.54908     32.1273
    51.396      51.793     -1.7657     2.55166     32.1609
    51.862      52.262     -1.7634     2.55346     32.1830
    52.330      52.734     -1.7638     2.55551     32.2116
    52.802      53.210     -1.7645     2.55751     32.2399
    53.273      53.685     -1.7640     2.55874     32.2560
    53.745      54.160     -1.7622     2.55989     32.2697
    54.214      54.633     -1.7596     2.56218     32.2983
    54.683      55.106     -1.7576     2.56546     32.3412
    55.153      55.579     -1.7543     2.56889     32.3849
    55.623      56.053     -1.7465     2.57271     32.4290
    56.093      56.527     -1.7374     2.57712     32.4799
    56.567      57.004     -1.7294     2.58180     32.5356
    57.039      57.480     -1.7206     2.58877     32.6222
    57.511      57.956     -1.7133     2.59746     32.7342
    57.981      58.430     -1.7092     2.60454     32.8276
    58.453      58.905     -1.7067     2.61020     32.9029
    58.924      59.380     -1.7051     2.61434     32.9583
    59.397      59.857     -1.7051     2.61663     32.9897
    59.872      60.335     -1.7050     2.61890     33.0208
    60.347      60.814     -1.7050     2.62211     33.0651
    60.821      61.292     -1.7049     2.62573     33.1148
    61.295      61.770     -1.7034     2.62943     33.1642
    61.771      62.249     -1.7006     2.63262     33.2050
    62.248      62.730     -1.6993     2.63480     33.2335
    62.726      63.212     -1.6990     2.63681     33.2608
    63.201      63.691     -1.6997     2.63913     33.2934
    63.673      64.166     -1.6991     2.64123     33.3217
    64.143      64.640     -1.6983     2.64260     33.3395
    64.614      65.115     -1.6977     2.64342     33.3499
    65.085      65.590     -1.6969     2.64408     33.3578
    65.556      66.064     -1.6979     2.64467     33.3668
    66.027      66.539     -1.6983     2.64545     33.3778
    66.501      67.017     -1.6968     2.64688     33.3957
    66.979      67.499     -1.6957     2.64899     33.4234
    67.456      67.979     -1.6942     2.65119     33.4520
    67.930      68.457     -1.6936     2.65340     33.4817
    68.404      68.935     -1.6928     2.65598     33.5164
    68.877      69.412     -1.6932     2.65857     33.5526
    69.351      69.889     -1.6929     2.66057     33.5796
    69.825      70.367     -1.6909     2.66223     33.6001
    70.302      70.848     -1.6906     2.66376     33.6207
    70.781      71.331     -1.6908     2.66493     33.6370
    71.261      71.815     -1.6895     2.66569     33.6457
    71.742      72.299     -1.6887     2.66622     33.6519
    72.219      72.780     -1.6891     2.66696     33.6623
    72.695      73.260     -1.6888     2.66805     33.6768
    73.173      73.742     -1.6872     2.66934     33.6926
    73.654      74.227     -1.6867     2.67065     33.7099
    74.135      74.711     -1.6854     2.67204     33.7275
    74.615      75.195     -1.6831     2.67388     33.7501
    75.094      75.678     -1.6793     2.67573     33.7712
    75.574      76.162     -1.6775     2.67684     33.7842
    76.055      76.647     -1.6762     2.67758     33.7927
    76.536      77.131     -1.6731     2.67840     33.8004
    77.016      77.615     -1.6721     2.67939     33.8126
    77.498      78.101     -1.6695     2.68058     33.8259
    77.983      78.590     -1.6670     2.68163     33.8373
    78.470      79.081     -1.6644     2.68242     33.8451
    78.957      79.572     -1.6629     2.68316     33.8532
    79.443      80.062     -1.6628     2.68380     33.8617
    79.930      80.552     -1.6628     2.68430     33.8684
    80.416      81.042     -1.6622     2.68485     33.8751
    80.902      81.532     -1.6604     2.68573     33.8848
    81.389      82.023     -1.6574     2.68704     33.8994
    81.876      82.514     -1.6536     2.68847     33.9145
    82.361      83.003     -1.6503     2.68951     33.9249
    82.844      83.490     -1.6477     2.69031     33.9328
    83.325      83.975     -1.6457     2.69112     33.9415
    83.807      84.460     -1.6439     2.69194     33.9505
    84.289      84.946     -1.6413     2.69281     33.9592
    84.773      85.434     -1.6383     2.69379     33.9691
    85.260      85.925     -1.6345     2.69487     33.9795
    85.751      86.420     -1.6317     2.69583     33.9893
    86.242      86.915     -1.6299     2.69644     33.9954
    86.732      87.409     -1.6259     2.69708     33.9994
    87.220      87.901     -1.6196     2.69843     34.0106
    87.708      88.393     -1.6133     2.70000     34.0249
    88.198      88.887     -1.6085     2.70106     34.0337
    88.689      89.381     -1.6060     2.70189     34.0421
    89.178      89.874     -1.6029     2.70267     34.0491
    89.665      90.365     -1.5981     2.70346     34.0542
    90.150      90.854     -1.5928     2.70434     34.0601
    90.632      91.340     -1.5880     2.70515     34.0656
    91.115      91.827     -1.5838     2.70581     34.0695
    91.599      92.315     -1.5820     2.70629     34.0739
    92.083      92.803     -1.5794     2.70666     34.0757
    92.564      93.288     -1.5779     2.70694     34.0775
    93.044      93.771     -1.5768     2.70719     34.0795
    93.519      94.250     -1.5738     2.70760     34.0813
    93.994      94.729     -1.5695     2.70814     34.0837
    94.471      95.210     -1.5669     2.70859     34.0865
    94.949      95.692     -1.5656     2.70892     34.0894
    95.427      96.174     -1.5626     2.70932     34.0912
    95.907      96.657     -1.5621     2.70975     34.0962
    96.388      97.142     -1.5598     2.71007     34.0978
    96.870      97.628     -1.5570     2.71036     34.0982
    97.350      98.112     -1.5562     2.71060     34.1003
    97.827      98.593     -1.5551     2.71087     34.1026
    98.303      99.073     -1.5511     2.71158     34.1075
    98.780      99.554     -1.5438     2.71281     34.1159
    99.260     100.037     -1.5350     2.71414     34.1238
    99.738     100.519     -1.5273     2.71518     34.1291
   100.214     100.999     -1.5210     2.71601     34.1332
   100.690     101.479     -1.5152     2.71679     34.1369
   101.171     101.964     -1.5097     2.71745     34.1395
   101.655     102.452     -1.5049     2.71813     34.1430
   102.140     102.941     -1.4994     2.71897     34.1482
   102.628     103.433     -1.4904     2.71990     34.1504
   103.117     103.926     -1.4839     2.72073     34.1541
   103.606     104.419     -1.4783     2.72148     34.1577
   104.094     104.911     -1.4716     2.72231     34.1612
   104.580     105.400     -1.4641     2.72327     34.1656
   105.065     105.889     -1.4567     2.72425     34.1704
   105.551     106.379     -1.4498     2.72520     34.1753
   106.036     106.868     -1.4416     2.72620     34.1794
   106.521     107.357     -1.4319     2.72725     34.1824
   107.007     107.847     -1.4181     2.72882     34.1880
   107.494     108.338     -1.3971     2.73113     34.1955
   107.979     108.827     -1.3822     2.73306     34.2048
   108.467     109.319     -1.3706     2.73437     34.2092
   108.954     109.810     -1.3592     2.73556     34.2123
   109.440     110.300     -1.3499     2.73652     34.2146
   109.924     110.788     -1.3422     2.73724     34.2153
   110.407     111.275     -1.3370     2.73782     34.2170
   110.889     111.761     -1.3338     2.73827     34.2192
   111.374     112.250     -1.3314     2.73859     34.2207
   111.860     112.739     -1.3289     2.73884     34.2209
   112.345     113.228     -1.3270     2.73904     34.2212
   112.832     113.719     -1.3253     2.73918     34.2209
   113.322     114.213     -1.3234     2.73949     34.2226
   113.814     114.709     -1.3187     2.74015     34.2260
   114.308     115.207     -1.3054     2.74157     34.2300
   114.802     115.705     -1.2863     2.74371     34.2372
   115.296     116.203     -1.2701     2.74541     34.2418
   115.788     116.699     -1.2594     2.74652     34.2445
   116.278     117.193     -1.2486     2.74770     34.2481
   116.768     117.687     -1.2353     2.74909     34.2516
   117.259     118.182     -1.2200     2.75073     34.2564
   117.752     118.679     -1.2039     2.75244     34.2611
   118.243     119.174     -1.1864     2.75415     34.2642
   118.733     119.668     -1.1696     2.75584     34.2679
   119.224     120.163     -1.1563     2.75731     34.2725
   119.719     120.662     -1.1425     2.75872     34.2757
   120.219     121.167     -1.1317     2.75993     34.2797
   120.723     121.675     -1.1211     2.76112     34.2835
   121.225     122.181     -1.1050     2.76288     34.2889
   121.727     122.687     -1.0848     2.76500     34.2944
   122.229     123.193     -1.0644     2.76693     34.2973
   122.728     123.696     -1.0486     2.76844     34.2996
   123.226     124.198     -1.0358     2.76964     34.3010
   123.724     124.700     -1.0225     2.77081     34.3015
   124.223     125.203     -1.0122     2.77206     34.3065
   124.720     125.704     -0.9980     2.77354     34.3101
   125.216     126.204     -0.9845     2.77507     34.3153
   125.712     126.705     -0.9724     2.77631     34.3180
   126.212     127.209     -0.9596     2.77756     34.3202
   126.714     127.715     -0.9429     2.77933     34.3249
   127.213     128.218     -0.9264     2.78103     34.3289
   127.710     128.719     -0.9127     2.78225     34.3296
   128.206     129.219     -0.9012     2.78352     34.3335
   128.705     129.722     -0.8847     2.78520     34.3373
   129.206     130.227     -0.8670     2.78706     34.3421
   129.708     130.733     -0.8482     2.78904     34.3472
   130.210     131.239     -0.8261     2.79130     34.3525
   130.713     131.747     -0.8028     2.79364     34.3573
   131.216     132.254     -0.7822     2.79600     34.3656
   131.720     132.762     -0.7615     2.79840     34.3742
   132.224     133.270     -0.7481     2.79993     34.3794
   132.728     133.778     -0.7380     2.80111     34.3836
   133.229     134.283     -0.7202     2.80298     34.3883
   133.728     134.786     -0.7028     2.80478     34.3925
   134.227     135.289     -0.6890     2.80630     34.3971
   134.726     135.793     -0.6722     2.80828     34.4045
   135.224     136.295     -0.6548     2.81031     34.4117
   135.721     136.796     -0.6439     2.81155     34.4158
   136.220     137.299     -0.6343     2.81288     34.4225
   136.721     137.804     -0.6155     2.81487     34.4277
   137.226     138.313     -0.6023     2.81637     34.4326
   137.731     138.822     -0.5952     2.81713     34.4346
   138.234     139.329     -0.5771     2.81867     34.4343
   138.738     139.838     -0.5546     2.82125     34.4433
   139.244     140.348     -0.5349     2.82383     34.4554
   139.750     140.858     -0.5117     2.82619     34.4603
   140.255     141.367     -0.4927     2.82809     34.4641
   140.759     141.875     -0.4695     2.83035     34.4677
   141.266     142.386     -0.4448     2.83299     34.4749
   141.774     142.899     -0.4314     2.83468     34.4820
   142.284     143.413     -0.4134     2.83661     34.4872
   142.794     143.927     -0.3863     2.83944     34.4941
   143.304     144.441     -0.3717     2.84124     34.5014
   143.812     144.954     -0.3607     2.84270     34.5082
   144.322     145.468     -0.3330     2.84562     34.5156
   144.832     145.982     -0.3043     2.84850     34.5212
   145.342     146.496     -0.2916     2.84980     34.5239
   145.853     147.011     -0.2875     2.85024     34.5248
   146.364     147.527     -0.2810     2.85113     34.5291
   146.875     148.042     -0.2625     2.85289     34.5313
   147.383     148.554     -0.2445     2.85455     34.5327
   147.890     149.065     -0.2306     2.85608     34.5372
   148.399     149.578     -0.2141     2.85802     34.5440
   148.909     150.093     -0.2032     2.85956     34.5519
   149.421     150.609     -0.1916     2.86058     34.5521
   149.933     151.125     -0.1819     2.86178     34.5568
   150.445     151.641     -0.1588     2.86407     34.5607
   150.955     152.156     -0.1289     2.86700     34.5657
   151.470     152.675     -0.1146     2.86880     34.5731
   151.987     153.196     -0.1091     2.86933     34.5736
   152.502     153.716     -0.1074     2.86950     34.5737
   153.019     154.237     -0.1060     2.86967     34.5740
   153.538     154.760     -0.1016     2.87012     34.5746
   154.057     155.284     -0.0839     2.87174     34.5759
   154.578     155.809     -0.0628     2.87416     34.5838
   155.100     156.335     -0.0544     2.87550     34.5919
   155.620     156.860     -0.0515     2.87576     34.5918
   156.140     157.384     -0.0472     2.87638     34.5948
   156.659     157.907     -0.0320     2.87795     34.5981
   157.176     158.428     -0.0155     2.87955     34.6004
   157.691     158.948     -0.0099     2.88029     34.6035
   158.208     159.469     -0.0082     2.88060     34.6054
   158.722     159.987      0.0000     2.88169     34.6102
   159.233     160.503      0.0198     2.88411     34.6197
   159.744     161.018      0.0435     2.88684     34.6288
   160.256     161.534      0.0617     2.88854     34.6305
   160.768     162.050      0.0692     2.88914     34.6296
   161.277     162.564      0.0720     2.88928     34.6280
   161.785     163.076      0.0746     2.88935     34.6257
   162.290     163.585      0.0743     2.88937     34.6260
   162.790     164.089      0.0739     2.88941     34.6266
   163.289     164.593      0.0748     2.88960     34.6278
   163.791     165.099      0.0788     2.89071     34.6377
   164.294     165.606      0.0919     2.89288     34.6513
   164.797     166.113      0.1064     2.89468     34.6584
   165.301     166.621      0.1209     2.89587     34.6574
   165.805     167.130      0.1345     2.89701     34.6569
   166.310     167.639      0.1462     2.89794     34.6557
   166.813     168.146      0.1541     2.89852     34.6541
   167.312     168.649      0.1563     2.89883     34.6554
   167.807     169.148      0.1568     2.89890     34.6554
   168.302     169.648      0.1580     2.89886     34.6532
   168.801     170.151      0.1582     2.89891     34.6533
   169.301     170.655      0.1580     2.89896     34.6540
   169.802     171.160      0.1588     2.89901     34.6533
   170.304     171.666      0.1641     2.89998     34.6599
   170.805     172.172      0.1895     2.90264     34.6660
   171.306     172.677      0.2209     2.90526     34.6649
   171.802     173.177      0.2313     2.90645     34.6685
   172.294     173.673      0.2431     2.90765     34.6708
   172.785     174.168      0.2608     2.90938     34.6732
   173.273     174.660      0.2707     2.91025     34.6732
   173.759     175.150      0.2741     2.91036     34.6706
   174.243     175.638      0.2748     2.91054     34.6718
   174.726     176.126      0.2748     2.91075     34.6743
   175.211     176.615      0.2748     2.91091     34.6762
   175.698     177.106      0.2782     2.91125     34.6765
   176.182     177.594      0.2944     2.91273     34.6775
   176.663     178.079      0.3159     2.91523     34.6858
   177.143     178.563      0.3255     2.91676     34.6949
   177.623     179.047      0.3292     2.91714     34.6953
   178.102     179.530      0.3292     2.91725     34.6966
   178.584     180.016      0.3297     2.91732     34.6966
   179.068     180.504      0.3309     2.91738     34.6957
   179.554     180.994      0.3311     2.91745     34.6961
   180.040     181.484      0.3304     2.91751     34.6975
   180.524     181.972      0.3314     2.91769     34.6983
   181.007     182.460      0.3463     2.91900     34.6985
   181.490     182.947      0.3782     2.92198     34.7013
   181.972     183.433      0.3984     2.92457     34.7124
   182.453     183.918      0.4038     2.92549     34.7180
   182.933     184.402      0.4062     2.92567     34.7174
   183.409     184.882      0.4076     2.92577     34.7169
   183.879     185.356      0.4081     2.92586     34.7171
   184.345     185.826      0.4126     2.92647     34.7199
   184.811     186.296      0.4271     2.92811     34.7248
   185.276     186.765      0.4430     2.92979     34.7286
   185.741     187.234      0.4493     2.93053     34.7309
   186.206     187.702      0.4517     2.93072     34.7305
   186.669     188.169      0.4515     2.93083     34.7318
   187.133     188.637      0.4522     2.93086     34.7311
   187.596     189.104      0.4527     2.93089     34.7306
   188.056     189.568      0.4534     2.93096     34.7305
   188.512     190.028      0.4539     2.93117     34.7325
   188.965     190.485      0.4609     2.93210     34.7364
   189.419     190.943      0.4785     2.93394     34.7404
   189.875     191.403      0.4931     2.93552     34.7444
   190.332     191.863      0.4978     2.93611     34.7466
   190.784     192.319      0.4997     2.93626     34.7461
   191.235     192.774      0.5004     2.93636     34.7464
   191.686     193.229      0.5004     2.93639     34.7465
   192.137     193.684      0.5009     2.93642     34.7461
   192.587     194.138      0.5035     2.93685     34.7485
   193.039     194.594      0.5180     2.93837     34.7519
   193.494     195.052      0.5396     2.94040     34.7538
   193.948     195.510      0.5480     2.94152     34.7586
   194.402     195.968      0.5509     2.94178     34.7585
   194.855     196.425      0.5514     2.94182     34.7583
   195.307     196.881      0.5521     2.94182     34.7572
   195.759     197.337      0.5521     2.94191     34.7582
   196.212     197.794      0.5617     2.94315     34.7632
   196.668     198.253      0.5824     2.94544     34.7696
   197.123     198.712      0.5942     2.94685     34.7744
   197.578     199.171      0.5992     2.94729     34.7743
   198.035     199.632      0.6014     2.94754     34.7748
   198.495     200.096      0.6009     2.94772     34.7774
   198.956     200.561      0.6180     2.94935     34.7792
   199.416     201.025      0.6571     2.95277     34.7796
   199.874     201.487      0.6801     2.95539     34.7875
   200.330     201.947      0.6876     2.95632     34.7910
   200.785     202.406      0.6890     2.95667     34.7937
   201.237     202.861      0.6885     2.95682     34.7959
   201.688     203.316      0.6883     2.95689     34.7969
   202.140     203.772      0.6901     2.95704     34.7965
   202.596     204.232      0.6925     2.95726     34.7963
   203.053     204.693      0.6968     2.95777     34.7979
   203.508     205.152      0.7107     2.95926     34.8014
   203.964     205.612      0.7356     2.96202     34.8091
   204.421     206.073      0.7572     2.96489     34.8219
   204.879     206.535      0.7687     2.96637     34.8279
   205.340     206.999      0.7744     2.96680     34.8269
   205.801     207.464      0.7785     2.96723     34.8275
   206.262     207.929      0.7924     2.96866     34.8303
   206.722     208.393      0.8218     2.97174     34.8370
   207.178     208.853      0.8479     2.97479     34.8469
   207.632     209.311      0.8632     2.97668     34.8540
   208.085     209.768      0.8759     2.97810     34.8579
   208.539     210.226      0.8855     2.97889     34.8570
   208.996     210.687      0.8880     2.97908     34.8564
   209.452     211.147      0.8876     2.97918     34.8579
   209.908     211.607      0.8886     2.97924     34.8572
   210.365     212.068      0.8874     2.97925     34.8585
   210.823     212.530      0.8862     2.97927     34.8598
   211.282     212.992      0.8865     2.97932     34.8598
   211.740     213.454      0.8879     2.97930     34.8577
   212.198     213.916      0.8879     2.97920     34.8562
   212.657     214.379      0.8879     2.97914     34.8552
   213.120     214.846      0.8874     2.97912     34.8551
   213.585     215.315      0.8862     2.97910     34.8559
   214.048     215.782      0.8860     2.97908     34.8556
   214.511     216.249      0.8867     2.97906     34.8544
   214.974     216.716      0.8872     2.97905     34.8533
   215.435     217.181      0.8879     2.97904     34.8521
   215.896     217.646      0.8874     2.97902     34.8522
   216.355     218.109      0.8867     2.97900     34.8525
   216.813     218.571      0.8872     2.97899     34.8515
   217.270     219.032      0.8879     2.97899     34.8504
   217.725     219.491      0.8880     2.97901     34.8503
   218.178     219.948      0.8880     2.97904     34.8504
   218.629     220.403      0.8880     2.97904     34.8502
   219.083     220.861      0.8885     2.97915     34.8507
   219.539     221.321      0.8930     2.98004     34.8570
   219.993     221.778      0.9111     2.98240     34.8669
   220.443     222.232      0.9360     2.98521     34.8751
   220.892     222.685      0.9515     2.98697     34.8802
   221.345     223.142      0.9671     2.98765     34.8712
   221.800     223.601      0.9740     2.98790     34.8665
   222.254     224.059      0.9704     2.98808     34.8726
   222.704     224.513      0.9695     2.98820     34.8748
   223.156     224.969      0.9691     2.98827     34.8759
   223.609     225.426      0.9700     2.98833     34.8754
   224.062     225.883      0.9693     2.98832     34.8758
   224.511     226.336      0.9693     2.98827     34.8749
   224.959     226.787      0.9689     2.98824     34.8747
   225.406     227.238      0.9682     2.98815     34.8740
   225.856     227.692      0.9672     2.98802     34.8732
   226.308     228.148      0.9658     2.98796     34.8738
   226.759     228.603      0.9654     2.98793     34.8736
   227.211     229.059      0.9657     2.98784     34.8718
   227.664     229.516      0.9666     2.98768     34.8685
   228.119     229.975      0.9659     2.98759     34.8678
   228.576     230.436      0.9659     2.98757     34.8673
   229.036     230.900      0.9664     2.98752     34.8658
   229.496     231.364      0.9671     2.98744     34.8637
   229.958     231.830      0.9676     2.98739     34.8622
   230.421     232.297      0.9679     2.98738     34.8614
   230.886     232.766      0.9667     2.98736     34.8623
   231.349     233.233      0.9665     2.98732     34.8616
   231.810     233.698      0.9677     2.98724     34.8590
   232.267     234.159      0.9679     2.98719     34.8579
   232.721     234.617      0.9677     2.98718     34.8577
   233.173     235.073      0.9680     2.98717     34.8570
   233.627     235.531      0.9673     2.98715     34.8573
   234.084     235.992      0.9673     2.98707     34.8560
   234.541     236.453      0.9673     2.98700     34.8548
   234.998     236.913      0.9668     2.98706     34.8559
   235.453     237.372      0.9671     2.98717     34.8567
   235.909     237.832      0.9685     2.98725     34.8559
   236.366     238.293      0.9681     2.98729     34.8565
   236.823     238.754      0.9674     2.98729     34.8570
   237.280     239.215      0.9679     2.98732     34.8566
   237.738     239.677      0.9667     2.98730     34.8574
   238.194     240.137      0.9639     2.98718     34.8587
   238.649     240.596      0.9634     2.98705     34.8574
   239.102     241.053      0.9622     2.98697     34.8573
   239.555     241.510      0.9620     2.98695     34.8570
   240.009     241.968      0.9622     2.98688     34.8557
   240.464     242.427      0.9582     2.98652     34.8552
   240.919     242.886      0.9527     2.98608     34.8554
   241.373     243.344      0.9506     2.98583     34.8543
   241.829     243.804      0.9480     2.98583     34.8570
   242.287     244.266      0.9573     2.98700     34.8614
   242.745     244.728      0.9834     2.98969     34.8666
   244.428     246.426      1.0294     2.99277     34.8539
   244.493     246.491      1.0397     2.99325     34.8486
   244.562     246.561      1.0464     2.99334     34.8422
   244.640     246.640      1.0478     2.99335     34.8407
   244.727     246.727      1.0496     2.99339     34.8391
   244.824     246.825      1.0525     2.99342     34.8363
   244.930     246.932      1.0535     2.99377     34.8396
   245.048     247.051      1.0582     2.99467     34.8458
   245.179     247.183      1.0651     2.99557     34.8496
   245.325     247.331      1.0691     2.99596     34.8502
   245.488     247.495      1.0718     2.99602     34.8477
   245.670     247.679      1.0746     2.99599     34.8441
   245.872     247.882      1.0768     2.99594     34.8409
   246.093     248.105      1.0780     2.99593     34.8394
   246.334     248.348      1.0777     2.99599     34.8403
   246.591     248.608      1.0763     2.99604     34.8423
   246.868     248.887      1.0777     2.99627     34.8436
   247.165     249.187      1.0875     2.99733     34.8461
   247.481     249.505      1.1032     2.99896     34.8493
   247.813     249.840      1.1106     2.99987     34.8526
   248.160     250.190      1.1116     3.00001     34.8531
   248.518     250.552      1.1114     3.00002     34.8533
   248.888     250.925      1.1121     3.00008     34.8531
   249.270     251.310      1.1154     3.00048     34.8542
   249.660     251.704      1.1247     3.00144     34.8559
   250.056     252.103      1.1344     3.00254     34.8590
   250.458     252.509      1.1399     3.00316     34.8607
   250.867     252.921      1.1411     3.00332     34.8611
   251.280     253.338      1.1413     3.00336     34.8612
   251.696     253.757      1.1411     3.00343     34.8620
   252.111     254.176      1.1418     3.00347     34.8615
   252.528     254.597      1.1418     3.00350     34.8617
   252.950     255.022      1.1423     3.00353     34.8613
   253.373     255.449      1.1420     3.00353     34.8614
   253.797     255.877      1.1411     3.00356     34.8625
   254.220     256.304      1.1418     3.00363     34.8624
   254.645     256.732      1.1414     3.00366     34.8630
   255.073     257.164      1.1416     3.00362     34.8620
   255.504     257.599      1.1430     3.00359     34.8597
   255.935     258.034      1.1426     3.00358     34.8598
   256.368     258.471      1.1424     3.00361     34.8602
   256.804     258.910      1.1426     3.00369     34.8606
   257.246     259.356      1.1424     3.00372     34.8611
   257.691     259.805      1.1431     3.00372     34.8600
   258.136     260.254      1.1431     3.00372     34.8598
   258.579     260.701      1.1431     3.00375     34.8599
   259.022     261.148      1.1426     3.00379     34.8606
   259.468     261.598      1.1419     3.00379     34.8612
   259.917     262.051      1.1419     3.00382     34.8613
   260.366     262.504      1.1414     3.00386     34.8621
   260.815     262.957      1.1421     3.00386     34.8610
   261.266     263.412      1.1433     3.00386     34.8594
   261.717     263.867      1.1424     3.00381     34.8595
   262.170     264.324      1.1426     3.00373     34.8580
   262.621     264.779      1.1400     3.00364     34.8595
   263.072     265.234      1.1376     3.00355     34.8607
   263.522     265.688      1.1383     3.00347     34.8586
   263.974     266.144      1.1374     3.00339     34.8583
   264.427     266.601      1.1355     3.00334     34.8596
   264.879     267.057      1.1343     3.00333     34.8605
   265.331     267.513      1.1336     3.00328     34.8604
   265.783     267.969      1.1336     3.00320     34.8592
   266.237     268.427      1.1331     3.00312     34.8584
   266.693     268.887      1.1315     3.00303     34.8588
   267.150     269.348      1.1296     3.00295     34.8595
   267.607     269.809      1.1294     3.00290     34.8589
   268.064     270.270      1.1287     3.00285     34.8587
   268.521     270.731      1.1265     3.00269     34.8588
   268.976     271.190      1.1255     3.00249     34.8571
   269.431     271.649      1.1231     3.00231     34.8573
   269.886     272.108      1.1208     3.00214     34.8573
   270.342     272.568      1.1175     3.00188     34.8574
   270.799     273.029      1.1132     3.00151     34.8572
   271.258     273.492      1.1096     3.00118     34.8567
   271.717     273.955      1.1061     3.00092     34.8570
   272.178     274.420      1.1025     3.00063     34.8570
   272.642     274.888      1.0989     3.00034     34.8570
   273.103     275.353      1.0958     3.00013     34.8575
   273.562     275.817      1.0944     2.99995     34.8565
   274.023     276.282      1.0930     2.99975     34.8552
   274.488     276.751      1.0894     2.99949     34.8556
   274.955     277.222      1.0854     2.99916     34.8555
   275.422     277.693      1.0811     2.99876     34.8548
   275.888     278.163      1.0775     2.99842     34.8543
   276.355     278.634      1.0735     2.99811     34.8545
   276.822     279.106      1.0687     2.99774     34.8548
   277.290     279.578      1.0645     2.99730     34.8535
   277.758     280.050      1.0618     2.99698     34.8522
   278.228     280.524      1.0597     2.99687     34.8528
   278.700     281.000      1.0561     2.99674     34.8548
   279.172     281.476      1.0526     2.99650     34.8554
   279.641     281.950      1.0504     2.99630     34.8551
   280.110     282.423      1.0504     2.99618     34.8532
   280.578     282.895      1.0490     2.99610     34.8534
   281.045     283.366      1.0468     2.99598     34.8540
   281.512     283.837      1.0468     2.99586     34.8523
   281.979     284.308      1.0464     2.99578     34.8514
   282.445     284.779      1.0443     2.99565     34.8518
   282.912     285.250      1.0416     2.99549     34.8524
   283.378     285.720      1.0395     2.99528     34.8519
   283.840     286.186      1.0363     2.99507     34.8525
   284.300     286.650      1.0335     2.99486     34.8526
   284.762     287.116      1.0300     2.99457     34.8525
   285.226     287.584      1.0254     2.99424     34.8530
   285.688     288.051      1.0214     2.99383     34.8520
   286.148     288.515      1.0183     2.99348     34.8506
   286.611     288.982      1.0147     2.99329     34.8520
   287.077     289.452      1.0133     2.99316     34.8516
   287.546     289.925      1.0107     2.99300     34.8522
   288.014     290.397      1.0086     2.99284     34.8521
   288.483     290.871      1.0064     2.99263     34.8516
   288.953     291.345      1.0050     2.99240     34.8499
   289.424     291.820      1.0018     2.99223     34.8511
   289.897     292.297      0.9995     2.99214     34.8522
   290.372     292.777      0.9981     2.99207     34.8525
   290.848     293.257      0.9981     2.99202     34.8517
   291.324     293.737      0.9971     2.99194     34.8514
   291.801     294.218      0.9947     2.99174     34.8513
   292.275     294.697      0.9928     2.99154     34.8505
   292.748     295.174      0.9907     2.99132     34.8498
   293.222     295.652      0.9876     2.99104     34.8493
   293.699     296.133      0.9838     2.99071     34.8490
   294.176     296.615      0.9792     2.99038     34.8496
   294.653     297.096      0.9764     2.99009     34.8487
   295.130     297.577      0.9723     2.98983     34.8497
   295.608     298.059      0.9690     2.98958     34.8499
   296.085     298.541      0.9654     2.98929     34.8499
   296.558     299.018      0.9606     2.98897     34.8508
   297.030     299.494      0.9585     2.98872     34.8497
   297.504     299.973      0.9556     2.98851     34.8499
   297.982     300.455      0.9536     2.98829     34.8490
   298.461     300.938      0.9516     2.98812     34.8488
   298.939     301.420      0.9509     2.98800     34.8478
   299.416     301.902      0.9497     2.98780     34.8462
   299.895     302.385      0.9444     2.98745     34.8473
   300.374     302.868      0.9394     2.98708     34.8479
   300.851     303.350      0.9362     2.98684     34.8481
   301.328     303.831      0.9348     2.98675     34.8482
   301.806     304.313      0.9338     2.98670     34.8483
   302.285     304.797      0.9314     2.98654     34.8487
   302.764     305.280      0.9290     2.98631     34.8481
   303.242     305.762      0.9271     2.98615     34.8479
   303.719     306.244      0.9264     2.98611     34.8478
   304.196     306.725      0.9259     2.98610     34.8481
   304.670     307.203      0.9247     2.98607     34.8486
   305.145     307.682      0.9235     2.98599     34.8487
   305.621     308.163      0.9233     2.98592     34.8477
   306.102     308.648      0.9230     2.98584     34.8468
   306.586     309.136      0.9211     2.98580     34.8481
   307.068     309.623      0.9199     2.98575     34.8485
   307.551     310.110      0.9182     2.98563     34.8485
   308.033     310.596      0.9168     2.98543     34.8472
   308.516     311.084      0.9144     2.98514     34.8459
   309.000     311.572      0.9098     2.98485     34.8470
   309.483     312.060      0.9070     2.98460     34.8466
   309.967     312.548      0.9034     2.98431     34.8466
   310.453     313.038      0.9008     2.98403     34.8456
   310.940     313.530      0.8981     2.98382     34.8457
   311.426     314.020      0.8948     2.98370     34.8475
   311.909     314.508      0.8945     2.98370     34.8475
   312.391     314.994      0.8990     2.98413     34.8478
   312.874     315.481      0.9067     2.98500     34.8501
   313.356     315.968      0.9144     2.98608     34.8551
   313.837     316.453      0.9258     2.98728     34.8576
   314.317     316.937      0.9327     2.98798     34.8587
   314.796     317.421      0.9363     2.98847     34.8607
   315.279     317.908      0.9439     2.98934     34.8631
   315.760     318.394      0.9513     2.99009     34.8642
   316.243     318.881      0.9577     2.99067     34.8643
   316.726     319.368      0.9639     2.99134     34.8658
   317.208     319.855      0.9673     2.99179     34.8674
   317.689     320.340      0.9675     2.99189     34.8682
   318.171     320.826      0.9658     2.99185     34.8693
   318.653     321.313      0.9648     2.99177     34.8691
   319.136     321.800      0.9645     2.99173     34.8686
   319.616     322.285      0.9631     2.99172     34.8697
   320.094     322.767      0.9636     2.99172     34.8689
   320.574     323.251      0.9638     2.99176     34.8690
   321.053     323.735      0.9636     2.99189     34.8706
   321.532     324.218      0.9653     2.99218     34.8721
   322.011     324.701      0.9686     2.99257     34.8732
   322.490     325.185      0.9724     2.99281     34.8718
   322.972     325.671      0.9719     2.99280     34.8719
   323.454     326.157      0.9709     2.99290     34.8741
   323.936     326.644      0.9757     2.99336     34.8744
   324.419     327.131      0.9790     2.99377     34.8757
   324.904     327.621      0.9807     2.99408     34.8775
   325.392     328.113      0.9845     2.99447     34.8780
   325.877     328.603      0.9876     2.99468     34.8769
   326.361     329.091      0.9869     2.99469     34.8775
   326.845     329.579      0.9864     2.99464     34.8771
   327.328     330.067      0.9843     2.99447     34.8770
   327.812     330.555      0.9807     2.99417     34.8769
   328.294     331.042      0.9771     2.99380     34.8758
   328.776     331.528      0.9725     2.99342     34.8758
   329.260     332.016      0.9679     2.99308     34.8762
   329.746     332.507      0.9655     2.99279     34.8749
   330.234     332.999      0.9632     2.99257     34.8744
   330.720     333.490      0.9604     2.99236     34.8745
   331.205     333.979      0.9577     2.99219     34.8750
   331.689     334.468      0.9556     2.99201     34.8748
   332.175     334.958      0.9520     2.99177     34.8754
   332.662     335.450      0.9498     2.99160     34.8754
   333.152     335.944      0.9493     2.99147     34.8740
   333.640     336.437      0.9476     2.99135     34.8741
   334.128     336.929      0.9472     2.99131     34.8737
   334.615     337.421      0.9476     2.99131     34.8729
   335.102     337.912      0.9467     2.99131     34.8737
   335.588     338.402      0.9469     2.99131     34.8732
   336.073     338.892      0.9462     2.99131     34.8736
   336.558     339.381      0.9456     2.99126     34.8735
   337.041     339.869      0.9439     2.99114     34.8735
   337.524     340.356      0.9411     2.99098     34.8742
   338.006     340.843      0.9385     2.99081     34.8747
   338.486     341.327      0.9368     2.99065     34.8742
   338.966     341.811      0.9349     2.99052     34.8744
   339.444     342.294      0.9337     2.99039     34.8737
   339.925     342.779      0.9320     2.99019     34.8728
   340.404     343.263      0.9296     2.99003     34.8731
   340.882     343.745      0.9277     2.98994     34.8738
   341.361     344.228      0.9260     2.98985     34.8743
   341.836     344.708      0.9241     2.98976     34.8750
   342.310     345.186      0.9229     2.98964     34.8745
   342.780     345.661      0.9212     2.98947     34.8739
   343.249     346.134      0.9184     2.98917     34.8729
   343.719     346.608      0.9138     2.98873     34.8721
   344.191     347.085      0.9083     2.98832     34.8726
   344.664     347.562      0.9035     2.98797     34.8732
   345.138     348.040      0.8996     2.98764     34.8730
   345.611     348.518      0.8968     2.98736     34.8723
   346.086     348.997      0.8941     2.98719     34.8728
   346.562     349.477      0.8934     2.98710     34.8721
   347.038     349.958      0.8920     2.98697     34.8717
   347.513     350.437      0.8874     2.98671     34.8733
   347.988     350.917      0.8825     2.98631     34.8733
   348.463     351.396      0.8793     2.98595     34.8719
   348.939     351.876      0.8760     2.98569     34.8719
   349.415     352.357      0.8721     2.98540     34.8723
   349.889     352.835      0.8702     2.98511     34.8704
   350.365     353.315      0.8671     2.98477     34.8693
   350.843     353.798      0.8616     2.98437     34.8699
   351.325     354.284      0.8573     2.98400     34.8696
   351.805     354.769      0.8532     2.98370     34.8701
   352.285     355.253      0.8493     2.98345     34.8710
   352.764     355.737      0.8474     2.98325     34.8702
   353.242     356.219      0.8457     2.98308     34.8696
   353.717     356.698      0.8433     2.98289     34.8696
   354.190     357.176      0.8414     2.98277     34.8698
   354.667     357.657      0.8397     2.98271     34.8708
   355.145     358.140      0.8377     2.98260     34.8712
   355.623     358.622      0.8361     2.98245     34.8708
   356.102     359.106      0.8345     2.98224     34.8696
   356.583     359.591      0.8321     2.98198     34.8686
   357.067     360.080      0.8290     2.98178     34.8692
   357.553     360.570      0.8271     2.98165     34.8694
   358.038     361.060      0.8250     2.98148     34.8693
   358.522     361.548      0.8209     2.98116     34.8695
   359.006     362.036      0.8170     2.98085     34.8695
   359.488     362.523      0.8146     2.98067     34.8696
   359.968     363.007      0.8132     2.98055     34.8693
   360.447     363.491      0.8127     2.98044     34.8681
   360.926     363.974      0.8120     2.98040     34.8681
   361.404     364.457      0.8115     2.98040     34.8684
   361.884     364.941      0.8103     2.98040     34.8695
   362.361     365.423      0.8091     2.98040     34.8705
   362.838     365.904      0.8084     2.98036     34.8705
   363.313     366.384      0.8079     2.98029     34.8699
   363.791     366.866      0.8067     2.98025     34.8704
   364.270     367.349      0.8055     2.98021     34.8709
   364.751     367.835      0.8053     2.98014     34.8700
   365.235     368.323      0.8060     2.98014     34.8690
   365.716     368.809      0.8046     2.98018     34.8706
   366.195     369.292      0.8034     2.98014     34.8713
   366.672     369.774      0.8048     2.98016     34.8696
   367.148     370.254      0.8048     2.98023     34.8703
   367.624     370.735      0.8053     2.98028     34.8701
   368.100     371.215      0.8060     2.98028     34.8690
   368.572     371.691      0.8041     2.98020     34.8698
   369.044     372.168      0.7998     2.97999     34.8717
   369.518     372.646      0.7972     2.97979     34.8717
   369.993     373.126      0.7965     2.97967     34.8706
   370.468     373.605      0.7951     2.97958     34.8708
   370.943     374.085      0.7929     2.97950     34.8720
   371.419     374.565      0.7929     2.97951     34.8717
   371.897     375.048      0.7929     2.97958     34.8723
   372.375     375.530      0.7929     2.97958     34.8720
   372.852     376.011      0.7919     2.97945     34.8713
   373.329     376.493      0.7886     2.97921     34.8715
   373.807     376.975      0.7843     2.97888     34.8718
   374.286     377.459      0.7807     2.97854     34.8712
   374.767     377.944      0.7780     2.97823     34.8698
   375.246     378.428      0.7759     2.97802     34.8692
   375.726     378.912      0.7732     2.97792     34.8707
   376.204     379.395      0.7725     2.97780     34.8696
   376.681     379.876      0.7715     2.97768     34.8689
   377.156     380.356      0.7687     2.97755     34.8701
   377.632     380.836      0.7665     2.97739     34.8702
   378.106     381.315      0.7656     2.97727     34.8694
   378.581     381.794      0.7637     2.97723     34.8707
   379.052     382.269      0.7630     2.97723     34.8712
   379.523     382.745      0.7635     2.97727     34.8709
   379.997     383.223      0.7637     2.97731     34.8709
   380.470     383.701      0.7625     2.97723     34.8710
   380.944     384.179      0.7613     2.97712     34.8705
   381.416     384.656      0.7601     2.97703     34.8705
   381.890     385.134      0.7589     2.97695     34.8705
   382.364     385.613      0.7577     2.97682     34.8698
   382.838     386.091      0.7556     2.97657     34.8687
   383.311     386.568      0.7524     2.97626     34.8679
   383.781     387.043      0.7491     2.97601     34.8681
   384.250     387.516      0.7457     2.97587     34.8699
   384.716     387.987      0.7445     2.97578     34.8698
   385.176     388.451      0.7424     2.97562     34.8698
   385.628     388.907      0.7397     2.97542     34.8699
   386.074     389.357      0.7385     2.97526     34.8689
   386.512     389.800      0.7368     2.97509     34.8684
   386.944     390.236      0.7349     2.97495     34.8685
   387.369     390.665      0.7323     2.97470     34.8678
   387.785     391.085      0.7270     2.97426     34.8678
   388.192     391.495      0.7224     2.97385     34.8674
   388.589     391.896      0.7191     2.97351     34.8665
   388.973     392.284      0.7149     2.97323     34.8673
   389.343     392.657      0.7122     2.97306     34.8680
   389.698     393.016      0.7120     2.97302     34.8674
   390.039     393.360      0.7117     2.97302     34.8675
   390.363     393.687      0.7108     2.97302     34.8683
   390.671     393.998      0.7110     2.97297     34.8674
   390.965     394.295      0.7098     2.97282     34.8665
   391.244     394.576      0.7081     2.97263     34.8658
   391.503     394.838      0.7062     2.97250     34.8661
   391.744     395.081      0.7045     2.97241     34.8668
   391.967     395.306      0.7031     2.97233     34.8672
   392.176     395.517      0.7026     2.97226     34.8666
   392.373     395.716      0.7014     2.97221     34.8673
   392.559     395.904      0.7002     2.97217     34.8679
   392.735     396.081      0.6995     2.97205     34.8671
   392.902     396.250      0.6990     2.97194     34.8661
   393.062     396.411      0.6983     2.97190     34.8663
   393.212     396.563      0.6978     2.97190     34.8667
   393.351     396.703      0.6971     2.97190     34.8674
   393.480     396.833      0.6966     2.97190     34.8679
   393.597     396.951      0.6964     2.97186     34.8675
   393.703     397.058      0.6966     2.97174     34.8658
   393.797     397.153      0.6964     2.97164     34.8645
   393.879     397.236      0.6966     2.97164     34.8643
   393.946     397.304      0.6964     2.97171     34.8654
   393.999     397.357      0.6966     2.97176     34.8658
   394.039     397.398      0.6959     2.97180     34.8671
   394.071     397.430      0.6964     2.97187     34.8674
   394.096     397.455      0.6976     2.97184     34.8657
   394.115     397.474      0.6973     2.97174     34.8647
   394.130     397.489      0.6964     2.97173     34.8656
   394.142     397.501      0.6966     2.97177     34.8658
   394.150     397.510      0.6959     2.97177     34.8666
   394.157     397.517      0.6959     2.97177     34.8666
   394.292     397.653      0.6826     2.97058     34.8660
   394.320     397.681      0.6826     2.97054     34.8655
   394.347     397.708      0.6826     2.97051     34.8650
   394.376     397.738      0.6826     2.97050     34.8649
   394.410     397.772      0.6824     2.97050     34.8651
   394.448     397.810      0.6820     2.97049     34.8654
   394.486     397.849      0.6816     2.97044     34.8653
   394.529     397.892      0.6814     2.97039     34.8647
   394.573     397.937      0.6809     2.97031     34.8642
   394.620     397.984      0.6792     2.97021     34.8649
   394.668     398.032      0.6783     2.97017     34.8653
   394.713     398.078      0.6795     2.97017     34.8639
   394.760     398.125      0.6797     2.97017     34.8636
   394.808     398.174      0.6790     2.97017     34.8644
   394.862     398.228      0.6785     2.97017     34.8649
   394.918     398.285      0.6788     2.97017     34.8645
   394.977     398.344      0.6797     2.97017     34.8635
   395.037     398.405      0.6790     2.97017     34.8643
   395.099     398.468      0.6785     2.97017     34.8648
   395.163     398.532      0.6778     2.97017     34.8655
   395.227     398.597      0.6783     2.97017     34.8649
   395.291     398.661      0.6790     2.97017     34.8641
   395.350     398.721      0.6780     2.97017     34.8652
   395.409     398.780      0.6771     2.97017     34.8661
   395.467     398.839      0.6778     2.97017     34.8653
   395.525     398.898      0.6778     2.97017     34.8653
   395.582     398.955      0.6773     2.97017     34.8658
   395.636     399.010      0.6776     2.97017     34.8655
   395.689     399.063      0.6785     2.97017     34.8645
   395.738     399.113      0.6778     2.97017     34.8652
   395.785     399.160      0.6773     2.97017     34.8657
   395.833     399.208      0.6766     2.97017     34.8665
   395.882     399.258      0.6771     2.97017     34.8659
   395.932     399.308      0.6768     2.97017     34.8662
   395.982     399.359      0.6764     2.97016     34.8666
   396.036     399.413      0.6773     2.97012     34.8650
   396.091     399.469      0.6766     2.97005     34.8648
   396.150     399.528      0.6772     2.97001     34.8635
   396.213     399.592      0.6774     2.97001     34.8633
   396.281     399.661      0.6772     2.97005     34.8640
   396.354     399.734      0.6779     2.97008     34.8636
   396.431     399.812      0.6774     2.97005     34.8637
   396.517     399.899      0.6762     2.97001     34.8644
   396.614     399.997      0.6750     2.97000     34.8656
   396.722     400.106      0.6748     2.97000     34.8657
   396.842     400.227      0.6750     2.96996     34.8650
   396.977     400.363      0.6753     2.96992     34.8641
   397.126     400.514      0.6762     2.96992     34.8629
   397.289     400.678      0.6745     2.96988     34.8642
   397.460     400.851      0.6736     2.96984     34.8646
   397.637     401.030      0.6733     2.96979     34.8642
   397.816     401.210      0.6709     2.96971     34.8658
   397.991     401.387      0.6700     2.96966     34.8661
   398.163     401.561      0.6707     2.96962     34.8646
   398.333     401.732      0.6702     2.96955     34.8641
   398.501     401.902      0.6695     2.96955     34.8648
   398.671     402.073      0.6690     2.96957     34.8656
   398.840     402.244      0.6683     2.96954     34.8658
   399.009     402.415      0.6673     2.96950     34.8663
   399.183     402.590      0.6669     2.96950     34.8667
   399.362     402.771      0.6678     2.96950     34.8655
   399.547     402.958      0.6676     2.96946     34.8651
   399.737     403.149      0.6673     2.96938     34.8644
   399.925     403.339      0.6659     2.96934     34.8653
   400.109     403.525      0.6659     2.96933     34.8651
   400.289     403.707      0.6659     2.96929     34.8644
   400.469     403.888      0.6654     2.96922     34.8639
   400.643     404.064      0.6642     2.96917     34.8646
   400.807     404.230      0.6635     2.96917     34.8652
   400.963     404.387      0.6625     2.96916     34.8661
   401.112     404.537      0.6611     2.96907     34.8665
   401.250     404.677      0.6611     2.96893     34.8645
   401.377     404.805      0.6601     2.96884     34.8644
   401.491     404.920      0.6587     2.96878     34.8652
   401.593     405.023      0.6582     2.96867     34.8642
   401.680     405.111      0.6571     2.96855     34.8639
   401.753     405.185      0.6578     2.96856     34.8631
   401.812     405.244      0.6605     2.96867     34.8615
   401.858     405.290      0.6607     2.96871     34.8618
   401.893     405.326      0.6600     2.96868     34.8622
   401.921     405.354      0.6605     2.96871     34.8620
   401.944     405.377      0.6607     2.96868     34.8613
   401.962     405.395      0.6600     2.96860     34.8611
   401.976     405.410      0.6595     2.96859     34.8615
   401.988     405.422      0.6593     2.96856     34.8613
   401.999     405.433      0.6595     2.96856     34.8611
   402.009     405.443      0.6588     2.96859     34.8623
   402.019     405.453      0.6583     2.96856     34.8624
   402.029     405.463      0.6571     2.96855     34.8637
   402.040     405.474      0.6564     2.96859     34.8649
   402.053     405.487      0.6564     2.96855     34.8644
   402.068     405.502      0.6574     2.96851     34.8628
   402.086     405.521      0.6583     2.96848     34.8613
   402.107     405.542      0.6566     2.96843     34.8627
   402.128     405.563      0.6552     2.96842     34.8641
   402.150     405.585      0.6557     2.96839     34.8631
   402.175     405.611      0.6559     2.96835     34.8624
   402.206     405.642      0.6547     2.96835     34.8636
   402.240     405.676      0.6554     2.96835     34.8629
   402.280     405.717      0.6562     2.96835     34.8620
   402.326     405.763      0.6535     2.96834     34.8648
   402.376     405.813      0.6528     2.96830     34.8650
   402.425     405.863      0.6528     2.96823     34.8640
   402.476     405.914      0.6528     2.96819     34.8635
   402.530     405.969      0.6528     2.96818     34.8634
   402.588     406.027      0.6528     2.96818     34.8634
   402.644     406.084      0.6523     2.96818     34.8639
   402.699     406.139      0.6521     2.96818     34.8641
   402.754     406.195      0.6528     2.96819     34.8633
   402.811     406.253      0.6533     2.96819     34.8627
   402.870     406.312      0.6535     2.96818     34.8624
   402.926     406.369      0.6528     2.96814     34.8626
   402.982     406.425      0.6518     2.96807     34.8627
   403.037     406.481      0.6509     2.96802     34.8632
   403.092     406.536      0.6511     2.96802     34.8629
   403.146     406.591      0.6509     2.96802     34.8631
   403.199     406.644      0.6511     2.96802     34.8628
   403.250     406.696      0.6504     2.96802     34.8636
   403.302     406.748      0.6499     2.96802     34.8641
   403.354     406.801      0.6497     2.96802     34.8643
   403.405     406.852      0.6504     2.96802     34.8635
   403.453     406.901      0.6505     2.96803     34.8635
   403.500     406.948      0.6505     2.96812     34.8646
   403.547     406.996      0.6505     2.96831     34.8671
   403.593     407.042      0.6513     2.96851     34.8687
   403.636     407.085      0.6533     2.96862     34.8679
   403.673     407.123      0.6552     2.96863     34.8659
   403.707     407.157      0.6564     2.96859     34.8640
   403.740     407.190      0.6564     2.96859     34.8640
   403.771     407.222      0.6554     2.96865     34.8659
   403.806     407.257      0.6545     2.96868     34.8673
   403.843     407.294      0.6552     2.96865     34.8661
   403.879     407.331      0.6552     2.96862     34.8656
   403.917     407.369      0.6557     2.96866     34.8655
   403.955     407.407      0.6559     2.96869     34.8657
   403.992     407.445      0.6552     2.96869     34.8665
   404.027     407.480      0.6552     2.96869     34.8665
   404.057     407.510      0.6551     2.96869     34.8666
   404.238     407.693      0.6543     2.96884     34.8692
   404.265     407.720      0.6548     2.96876     34.8677
   404.293     407.749      0.6560     2.96873     34.8659
   404.323     407.779      0.6562     2.96873     34.8656
   404.357     407.813      0.6550     2.96872     34.8669
   404.393     407.850      0.6556     2.96872     34.8662
   404.432     407.889      0.6573     2.96873     34.8643
   404.472     407.929      0.6556     2.96872     34.8661
   404.514     407.972      0.6537     2.96867     34.8676
   404.558     408.016      0.6530     2.96860     34.8674
   404.603     408.062      0.6530     2.96855     34.8668
   404.651     408.110      0.6525     2.96855     34.8673
   404.700     408.159      0.6528     2.96855     34.8669
   404.750     408.210      0.6542     2.96856     34.8654
   404.804     408.264      0.6532     2.96855     34.8664
   404.860     408.321      0.6518     2.96855     34.8679
   404.917     408.379      0.6518     2.96851     34.8673
   404.977     408.439      0.6508     2.96843     34.8674
   405.036     408.499      0.6508     2.96839     34.8669
   405.096     408.559      0.6520     2.96839     34.8655
   405.158     408.622      0.6505     2.96839     34.8671
   405.224     408.688      0.6505     2.96839     34.8670
   405.294     408.759      0.6500     2.96839     34.8676
   405.367     408.833      0.6493     2.96838     34.8682
   405.444     408.911      0.6493     2.96834     34.8677
   405.528     408.995      0.6503     2.96827     34.8656
   405.615     409.083      0.6498     2.96823     34.8655
   405.705     409.174      0.6488     2.96822     34.8665
   405.803     409.273      0.6507     2.96823     34.8644
   405.911     409.382      0.6488     2.96822     34.8664
   406.031     409.503      0.6486     2.96822     34.8665
   406.162     409.635      0.6493     2.96818     34.8652
   406.302     409.777      0.6483     2.96814     34.8657
   406.455     409.931      0.6479     2.96809     34.8654
   406.620     410.098      0.6469     2.96797     34.8649
   406.800     410.279      0.6442     2.96785     34.8662
   406.994     410.475      0.6437     2.96780     34.8660
   407.204     410.687      0.6403     2.96774     34.8689
   407.429     410.914      0.6401     2.96754     34.8665
   407.669     411.157      0.6384     2.96731     34.8652
   407.923     411.413      0.6353     2.96717     34.8667
   408.187     411.680      0.6350     2.96705     34.8653
   408.459     411.954      0.6326     2.96692     34.8662
   408.735     412.233      0.6317     2.96684     34.8659
   409.017     412.517      0.6319     2.96676     34.8645
   409.305     412.808      0.6307     2.96667     34.8645
   409.601     413.107      0.6295     2.96654     34.8641
   409.905     413.414      0.6278     2.96639     34.8637
   410.214     413.726      0.6250     2.96626     34.8651
   410.529     414.044      0.6223     2.96622     34.8674
   410.847     414.365      0.6230     2.96626     34.8669
   411.167     414.688      0.6242     2.96634     34.8664
   411.490     415.014      0.6238     2.96638     34.8672
   411.816     415.343      0.6252     2.96639     34.8656
   412.146     415.676      0.6238     2.96639     34.8670
   412.480     416.013      0.6230     2.96644     34.8682
   412.814     416.351      0.6252     2.96652     34.8667
   413.152     416.692      0.6262     2.96656     34.8659
   413.495     417.038      0.6266     2.96658     34.8654
   413.843     417.389      0.6257     2.96662     34.8667
   414.193     417.743      0.6260     2.96669     34.8671
   414.546     418.099      0.6258     2.96669     34.8672
   414.898     418.455      0.6260     2.96666     34.8663
   415.251     418.811      0.6243     2.96661     34.8674
   415.608     419.171      0.6219     2.96653     34.8688
   415.968     419.535      0.6219     2.96649     34.8681
   416.330     419.900      0.6231     2.96650     34.8667
   416.689     420.263      0.6222     2.96659     34.8686
   417.048     420.625      0.6234     2.96683     34.8702
   417.409     420.990      0.6265     2.96715     34.8706
   417.774     421.358      0.6301     2.96735     34.8691
   418.141     421.729      0.6296     2.96737     34.8696
   418.510     422.101      0.6303     2.96734     34.8682
   418.882     422.477      0.6311     2.96733     34.8670
   419.254     422.852      0.6294     2.96729     34.8682
   419.625     423.227      0.6296     2.96726     34.8673
   419.996     423.601      0.6303     2.96730     34.8669
   420.368     423.977      0.6320     2.96742     34.8663
   420.743     424.355      0.6299     2.96753     34.8699
   421.118     424.734      0.6301     2.96758     34.8700
   421.493     425.113      0.6318     2.96762     34.8685
   421.869     425.492      0.6289     2.96761     34.8713
   422.246     425.873      0.6279     2.96750     34.8707
   422.628     426.258      0.6255     2.96737     34.8716
   423.012     426.646      0.6251     2.96729     34.8707
   423.397     427.035      0.6256     2.96725     34.8694
   423.784     427.425      0.6242     2.96725     34.8707
   424.170     427.815      0.6252     2.96728     34.8698
   424.557     428.206      0.6256     2.96728     34.8691
   424.947     428.600      0.6223     2.96721     34.8717
   425.338     428.994      0.6204     2.96724     34.8740
   425.728     429.388      0.6232     2.96731     34.8715
   426.119     429.783      0.6244     2.96725     34.8691
   426.508     430.176      0.6216     2.96717     34.8710
   426.896     430.567      0.6199     2.96719     34.8730
   427.283     430.958      0.6206     2.96719     34.8720
   427.669     431.348      0.6201     2.96712     34.8713
   428.056     431.738      0.6189     2.96703     34.8714
   428.443     432.129      0.6177     2.96695     34.8714
   428.832     432.522      0.6160     2.96687     34.8720
   429.220     432.914      0.6156     2.96683     34.8717
   429.609     433.306      0.6156     2.96687     34.8720
   429.995     433.696      0.6148     2.96695     34.8738
   430.383     434.088      0.6165     2.96708     34.8733
   430.771     434.480      0.6163     2.96721     34.8750
   431.162     434.874      0.6184     2.96743     34.8752
   431.553     435.269      0.6216     2.96778     34.8759
   431.943     435.663      0.6249     2.96803     34.8752
   432.333     436.057      0.6278     2.96809     34.8726
   432.724     436.451      0.6273     2.96813     34.8735
   433.114     436.845      0.6276     2.96816     34.8733
   433.506     437.241      0.6266     2.96808     34.8731
   433.898     437.637      0.6226     2.96792     34.8752
   434.288     438.030      0.6214     2.96775     34.8742
   434.676     438.422      0.6193     2.96762     34.8746
   435.064     438.814      0.6171     2.96749     34.8752
   435.454     439.208      0.6166     2.96734     34.8735
   435.848     439.605      0.6154     2.96725     34.8735
   436.242     440.003      0.6142     2.96724     34.8745
   436.634     440.399      0.6140     2.96724     34.8745
   437.025     440.794      0.6142     2.96725     34.8742
   437.415     441.188      0.6145     2.96734     34.8747
   437.807     441.583      0.6164     2.96754     34.8750
   438.198     441.978      0.6181     2.96774     34.8754
   438.587     442.371      0.6195     2.96787     34.8753
   438.975     442.763      0.6190     2.96791     34.8762
   439.364     443.155      0.6188     2.96787     34.8757
   439.753     443.548      0.6185     2.96780     34.8748
   440.143     443.942      0.6176     2.96775     34.8750
   440.535     444.338      0.6173     2.96770     34.8745
   440.930     444.736      0.6149     2.96758     34.8753
   441.325     445.135      0.6140     2.96742     34.8740
   441.720     445.534      0.6133     2.96730     34.8730
   442.116     445.934      0.6106     2.96725     34.8751
   442.513     446.335      0.6099     2.96720     34.8750
   442.910     446.736      0.6090     2.96712     34.8748
   443.308     447.137      0.6081     2.96702     34.8743
   443.706     447.539      0.6069     2.96682     34.8728
   444.103     447.940      0.6030     2.96654     34.8733
   444.501     448.342      0.6002     2.96637     34.8739
   444.899     448.744      0.5975     2.96623     34.8750
   445.297     449.146      0.5963     2.96608     34.8741
   445.695     449.548      0.5946     2.96597     34.8743
   446.094     449.950      0.5942     2.96604     34.8755
   446.492     450.352      0.5961     2.96628     34.8762
   446.891     450.755      0.5982     2.96649     34.8764
   447.289     451.157      0.6014     2.96666     34.8748
   447.687     451.559      0.6023     2.96675     34.8747
   448.085     451.961      0.6035     2.96680     34.8737
   448.483     452.363      0.6035     2.96679     34.8733
   448.882     452.765      0.5992     2.96662     34.8758
   449.280     453.167      0.5978     2.96642     34.8745
   449.678     453.569      0.5942     2.96621     34.8756
   450.076     453.971      0.5920     2.96605     34.8757
   450.473     454.372      0.5915     2.96600     34.8754
   450.871     454.774      0.5903     2.96595     34.8758
   451.268     455.175      0.5877     2.96583     34.8769
   451.665     455.576      0.5862     2.96567     34.8763
   452.062     455.976      0.5865     2.96555     34.8741
   452.458     456.376      0.5836     2.96546     34.8760
   452.853     456.775      0.5831     2.96537     34.8753
   453.247     457.173      0.5824     2.96530     34.8748
   453.640     457.570      0.5815     2.96526     34.8751
   454.031     457.965      0.5801     2.96530     34.8769
   454.421     458.358      0.5803     2.96537     34.8775
   454.807     458.748      0.5807     2.96540     34.8772
   455.190     459.135      0.5811     2.96537     34.8761
   455.572     459.520      0.5808     2.96532     34.8756
   455.954     459.906      0.5796     2.96531     34.8766
   456.338     460.294      0.5789     2.96529     34.8769
   456.722     460.682      0.5784     2.96518     34.8758
   457.108     461.071      0.5777     2.96511     34.8753
   457.495     461.462      0.5771     2.96510     34.8757
   457.884     461.855      0.5759     2.96510     34.8768
   458.275     462.250      0.5757     2.96510     34.8768
   458.670     462.649      0.5764     2.96510     34.8758
   459.069     463.052      0.5764     2.96511     34.8756
   459.469     463.455      0.5754     2.96510     34.8764
   459.864     463.854      0.5750     2.96506     34.8761
   460.257     464.251      0.5759     2.96498     34.8739
   460.649     464.647      0.5742     2.96485     34.8739
   461.041     465.043      0.5714     2.96465     34.8742
   461.432     465.438      0.5678     2.96449     34.8758
   461.821     465.830      0.5670     2.96444     34.8759
   462.211     466.224      0.5678     2.96444     34.8748
   462.603     466.620      0.5661     2.96444     34.8764
   462.998     467.019      0.5668     2.96444     34.8754
   463.392     467.417      0.5663     2.96444     34.8758
   463.785     467.814      0.5651     2.96444     34.8769
   464.178     468.210      0.5644     2.96444     34.8774
   464.570     468.606      0.5644     2.96444     34.8772
   464.964     469.004      0.5634     2.96444     34.8780
   465.358     469.402      0.5625     2.96440     34.8782
   465.753     469.801      0.5622     2.96427     34.8767
   466.147     470.199      0.5603     2.96407     34.8760
   466.541     470.597      0.5582     2.96383     34.8750
   466.936     470.995      0.5555     2.96367     34.8757
   467.328     471.391      0.5553     2.96362     34.8750
   467.719     471.786      0.5555     2.96357     34.8740
   468.109     472.180      0.5538     2.96349     34.8747
   468.498     472.573      0.5519     2.96345     34.8759
   468.891     472.970      0.5502     2.96340     34.8770
   469.289     473.371      0.5488     2.96328     34.8767
   469.690     473.776      0.5478     2.96312     34.8756
   470.090     474.180      0.5459     2.96304     34.8764
   470.487     474.581      0.5442     2.96302     34.8778
   470.882     474.980      0.5428     2.96290     34.8776
   471.279     475.381      0.5418     2.96270     34.8760
   471.674     475.780      0.5404     2.96254     34.8752
   472.065     476.175      0.5385     2.96241     34.8754
   472.455     476.568      0.5361     2.96232     34.8767
   472.846     476.963      0.5358     2.96221     34.8753
   473.239     477.360      0.5333     2.96212     34.8767
   473.636     477.761      0.5319     2.96203     34.8768
   474.034     478.163      0.5309     2.96184     34.8753
   474.429     478.562      0.5281     2.96167     34.8760
   474.825     478.962      0.5264     2.96158     34.8765
   475.224     479.365      0.5271     2.96150     34.8745
   475.624     479.769      0.5257     2.96142     34.8748
   476.025     480.174      0.5230     2.96134     34.8764
   476.423     480.575      0.5218     2.96125     34.8764
   476.817     480.973      0.5211     2.96113     34.8754
   477.210     481.370      0.5201     2.96102     34.8748
   477.605     481.769      0.5182     2.96097     34.8761
   478.002     482.170      0.5180     2.96093     34.8755
   478.400     482.572      0.5182     2.96085     34.8741
   478.800     482.976      0.5175     2.96082     34.8742
   479.201     483.381      0.5165     2.96081     34.8750
   479.604     483.788      0.5151     2.96081     34.8764
   480.009     484.197      0.5146     2.96081     34.8767
   480.415     484.607      0.5149     2.96077     34.8756
   480.817     485.013      0.5149     2.96070     34.8744
   481.215     485.415      0.5122     2.96065     34.8766
   481.615     485.819      0.5115     2.96061     34.8766
   482.018     486.225      0.5115     2.96053     34.8753
   482.422     486.633      0.5110     2.96045     34.8746
   482.823     487.038      0.5098     2.96041     34.8752
   483.222     487.441      0.5091     2.96041     34.8757
   483.620     487.843      0.5086     2.96037     34.8755
   484.018     488.245      0.5079     2.96033     34.8755
   484.416     488.647      0.5069     2.96028     34.8759
   484.813     489.048      0.5050     2.96021     34.8767
   485.211     489.450      0.5043     2.96017     34.8768
   485.613     489.856      0.5043     2.96016     34.8765
   486.017     490.264      0.5043     2.96013     34.8758
   486.420     490.671      0.5038     2.96009     34.8756
   486.824     491.079      0.5025     2.96008     34.8767
   487.226     491.485      0.5018     2.96004     34.8768
   487.624     491.887      0.5018     2.96000     34.8760
   488.019     492.286      0.5013     2.95996     34.8758
   488.413     492.684      0.5001     2.95988     34.8759
   488.808     493.083      0.4994     2.95985     34.8760
   489.207     493.485      0.4984     2.95984     34.8768
   489.604     493.886      0.4970     2.95979     34.8775
   490.001     494.287      0.4965     2.95968     34.8763
   490.398     494.688      0.4958     2.95956     34.8753
   490.796     495.090      0.4953     2.95952     34.8751
   491.196     495.494      0.4941     2.95951     34.8761
   491.596     495.898      0.4929     2.95946     34.8767
   491.997     496.303      0.4922     2.95939     34.8763
   492.403     496.713      0.4912     2.95935     34.8766
   492.815     497.129      0.4908     2.95935     34.8768
   493.233     497.551      0.4922     2.95935     34.8750
   493.646     497.968      0.4917     2.95935     34.8754
   494.048     498.374      0.4910     2.95935     34.8758
   494.437     498.767      0.4910     2.95931     34.8751
   494.813     499.147      0.4900     2.95919     34.8745
   495.177     499.515      0.4886     2.95908     34.8743
   495.532     499.873      0.4881     2.95903     34.8741
   495.876     500.220      0.4864     2.95902     34.8756
   496.210     500.558      0.4850     2.95898     34.8764
   496.536     500.887      0.4860     2.95891     34.8742
   496.852     501.206      0.4860     2.95887     34.8735
   497.157     501.514      0.4833     2.95885     34.8762
   497.450     501.810      0.4826     2.95881     34.8763
   497.731     502.094      0.4826     2.95874     34.8752
   497.999     502.365      0.4826     2.95870     34.8745
   498.257     502.625      0.4816     2.95870     34.8754
   498.502     502.873      0.4802     2.95870     34.8768
   498.737     503.110      0.4802     2.95870     34.8767
   498.962     503.337      0.4796     2.95865     34.8767
   499.178     503.555      0.4789     2.95858     34.8764
   499.383     503.762      0.4789     2.95854     34.8757
   499.578     503.959      0.4784     2.95854     34.8761
   499.762     504.145      0.4775     2.95853     34.8770
   499.937     504.322      0.4771     2.95852     34.8772
   500.103     504.489      0.4767     2.95848     34.8770
   500.260     504.648      0.4775     2.95843     34.8753
   500.410     504.800      0.4780     2.95839     34.8742
   500.552     504.943      0.4766     2.95838     34.8755
   500.685     505.077      0.4766     2.95837     34.8754
