North Pole Environmental Observatory   ÑÑÑ   2001 Aerial CTD Survey
Cast 5         89deg 38.3' N _ 166deg 44.5' W      4/11/2001 _ 1849 UTC

  Depth(m)  Pres(dbar)     Temp(degC)   Cond(S/m)    Sal(psu)
#
     1.309       1.323      -1.7152     2.52165     31.7221
     1.408       1.423      -1.7225     2.52146     31.7272
     1.507       1.523      -1.7252     2.51945     31.7023
     1.704       1.722      -1.7235     2.51637     31.6578
     1.901       1.922      -1.7204     2.51342     31.6136
     2.296       2.321      -1.7192     2.50834     31.5420
     2.494       2.521      -1.7175     2.50321     31.4693
     2.790       2.820      -1.7145     2.50066     31.4306
     3.184       3.219      -1.7130     2.49952     31.4131
     3.579       3.618      -1.7114     2.49902     31.4043
     3.974       4.017      -1.7123     2.49891     31.4035
     4.566       4.616      -1.7121     2.49890     31.4028
     5.060       5.114      -1.7113     2.49895     31.4022
     5.652       5.713      -1.7123     2.49902     31.4039
     6.244       6.312      -1.7128     2.49910     31.4052
     6.836       6.910      -1.7144     2.49917     31.4075
     7.428       7.509      -1.7136     2.49921     31.4069
     8.021       8.108      -1.7144     2.49922     31.4075
     8.613       8.706      -1.7132     2.49926     31.4064
     9.205       9.305      -1.7129     2.49933     31.4068
     9.896      10.003      -1.7152     2.49937     31.4093
    10.587      10.702      -1.7138     2.49942     31.4081
    11.278      11.400      -1.7150     2.49949     31.4100
    12.067      12.198      -1.7123     2.49958     31.4078
    12.659      12.797      -1.7135     2.49965     31.4097
    13.350      13.495      -1.7144     2.49969     31.4108
    14.041      14.193      -1.7146     2.49974     31.4112
    14.633      14.792      -1.7156     2.49981     31.4129
    15.324      15.490      -1.7151     2.49985     31.4125
    15.916      16.089      -1.7132     2.49986     31.4103
    16.508      16.688      -1.7130     2.49990     31.4102
    17.199      17.386      -1.7125     2.49993     31.4098
    17.989      18.184      -1.7143     2.49994     31.4113
    18.581      18.783      -1.7143     2.49998     31.4115
    19.272      19.481      -1.7143     2.50006     31.4121
    19.963      20.179      -1.7141     2.50013     31.4125
    20.555      20.778      -1.7131     2.50017     31.4117
    21.246      21.476      -1.7133     2.50018     31.4116
    21.838      22.075      -1.7143     2.50022     31.4128
    22.529      22.773      -1.7137     2.50029     31.4128
    23.121      23.372      -1.7124     2.50034     31.4117
    23.812      24.070      -1.7137     2.50034     31.4126
    24.502      24.769      -1.7123     2.50034     31.4108
    25.193      25.467      -1.7142     2.50034     31.4124
    25.785      26.066      -1.7140     2.50038     31.4124
    26.377      26.664      -1.7128     2.50046     31.4118
    26.970      27.263      -1.7120     2.50052     31.4115
    27.562      27.862      -1.7129     2.50076     31.4153
    28.252      28.560      -1.7131     2.50154     31.4259
    28.845      29.159      -1.7141     2.50496     31.4737
    29.437      29.757      -1.7143     2.51283     31.5822
    30.029      30.356      -1.7149     2.52235     31.7139
    30.720      31.054      -1.7134     2.53038     31.8227
    31.312      31.653      -1.7118     2.53693     31.9112
    31.904      32.251      -1.7105     2.54293     31.9924
    32.496      32.850      -1.7105     2.54859     32.0702
    33.187      33.548      -1.7100     2.55418     32.1465
    33.878      34.247      -1.7079     2.56112     32.2398
    34.470      34.845      -1.7064     2.56885     32.3447
    35.160      35.544      -1.7043     2.57497     32.4268
    35.753      36.142      -1.7033     2.57976     32.4915
    36.443      36.841      -1.7031     2.58588     32.5757
    37.134      37.539      -1.7016     2.59471     32.6959
    37.825      38.237      -1.7002     2.60353     32.8161
    38.516      38.936      -1.7028     2.60953     32.9018
    39.108      39.534      -1.7056     2.61300     32.9526
    39.798      40.233      -1.7056     2.61514     32.9818
    40.489      40.931      -1.7060     2.61709     33.0090
    41.180      41.630      -1.7088     2.61916     33.0402
    41.673      42.128      -1.7128     2.62116     33.0722
    42.364      42.827      -1.7144     2.62317     33.1015
    43.154      43.625      -1.7181     2.62493     33.1295
    43.844      44.323      -1.7221     2.62635     33.1532
    44.535      45.022      -1.7240     2.62756     33.1717
    45.127      45.620      -1.7293     2.62850     33.1904
    45.818      46.319      -1.7371     2.62924     33.2090
    46.607      47.117      -1.7432     2.62987     33.2240
    47.199      47.715      -1.7493     2.63045     33.2386
    47.792      48.314      -1.7521     2.63103     33.2494
    48.482      49.012      -1.7568     2.63151     33.2609
    49.074      49.611      -1.7612     2.63200     33.2723
    49.765      50.309      -1.7636     2.63275     33.2849
    50.357      50.908      -1.7610     2.63371     33.2950
    50.949      51.507      -1.7579     2.63458     33.3032
    51.443      52.005      -1.7576     2.63522     33.3114
    52.035      52.604      -1.7612     2.63566     33.3213
    52.627      53.203      -1.7645     2.63607     33.3303
    53.219      53.801      -1.7661     2.63662     33.3394
    53.712      54.300      -1.7651     2.63730     33.3474
    54.403      54.998      -1.7649     2.63809     33.3577
    55.093      55.697      -1.7639     2.63896     33.3683
    55.883      56.495      -1.7641     2.63991     33.3813
    56.574      57.193      -1.7648     2.64100     33.3967
    57.363      57.992      -1.7640     2.64204     33.4098
    58.054      58.690      -1.7650     2.64280     33.4211
    58.744      59.388      -1.7659     2.64339     33.4299
    59.534      60.186      -1.7692     2.64412     33.4432
    60.126      60.785      -1.7666     2.64520     33.4550
    60.816      61.483      -1.7632     2.64639     33.4672
    61.606      62.282      -1.7619     2.64723     33.4770
    62.494      63.179      -1.7637     2.64785     33.4870
    63.185      63.878      -1.7644     2.64852     33.4967
    63.875      64.576      -1.7677     2.64923     33.5099
    64.566      65.275      -1.7693     2.65007     33.5229
    65.158      65.873      -1.7681     2.65113     33.5359
    65.849      66.572      -1.7666     2.65233     33.5505
    66.441      67.170      -1.7643     2.65341     33.5627
    67.230      67.968      -1.7624     2.65418     33.5706
    67.822      68.567      -1.7624     2.65468     33.5772
    68.611      69.365      -1.7624     2.65512     33.5829
    69.401      70.163      -1.7621     2.65566     33.5895
    70.190      70.961      -1.7606     2.65645     33.5984
    70.881      71.660      -1.7588     2.65753     33.6108
    71.769      72.558      -1.7582     2.65858     33.6243
    72.459      73.256      -1.7559     2.65953     33.6345
    73.249      74.054      -1.7540     2.66036     33.6434
    73.939      74.752      -1.7542     2.66106     33.6528
    74.630      75.451      -1.7551     2.66185     33.6644
    75.419      76.249      -1.7544     2.66280     33.6763
    76.110      76.947      -1.7516     2.66358     33.6836
    76.899      77.745      -1.7518     2.66404     33.6897
    77.491      78.344      -1.7522     2.66442     33.6951
    78.280      79.142      -1.7496     2.66502     33.6999
    78.971      79.841      -1.7468     2.66579     33.7071
    79.760      80.639      -1.7466     2.66651     33.7164
    80.352      81.237      -1.7454     2.66732     33.7258
    81.142      82.035      -1.7435     2.66833     33.7373
    81.931      82.834      -1.7385     2.66947     33.7470
    82.720      83.632      -1.7331     2.67062     33.7563
    83.411      84.330      -1.7293     2.67170     33.7666
    84.299      85.228      -1.7248     2.67281     33.7763
    84.989      85.926      -1.7211     2.67394     33.7873
    85.680      86.625      -1.7173     2.67485     33.7952
    86.469      87.423      -1.7160     2.67554     33.8029
    87.160      88.121      -1.7106     2.67628     33.8066
    88.048      89.019      -1.7071     2.67722     33.8151
    88.936      89.917      -1.7036     2.67830     33.8256
    89.528      90.516      -1.6998     2.67925     33.8340
    90.218      91.214      -1.6953     2.68005     33.8396
    91.007      92.012      -1.6917     2.68076     33.8449
    91.599      92.611      -1.6887     2.68138     33.8497
    92.389      93.409      -1.6870     2.68210     33.8572
    93.178      94.207      -1.6828     2.68305     33.8652
    93.967      95.005      -1.6755     2.68426     33.8731
    94.658      95.704      -1.6668     2.68583     33.8846
    95.447      96.502      -1.6566     2.68758     33.8967
    96.236      97.300      -1.6484     2.68913     33.9085
    97.025      98.098      -1.6404     2.69057     33.9188
    97.716      98.796      -1.6336     2.69195     33.9297
    98.604      99.694      -1.6287     2.69285     33.9361
    99.492     100.592      -1.6275     2.69324     33.9396
   100.281     101.390      -1.6251     2.69389     33.9453
   101.169     102.288      -1.6168     2.69531     33.9549
   101.958     103.086      -1.6046     2.69705     33.9646
   102.649     103.785      -1.5950     2.69859     33.9747
   103.635     104.782      -1.5849     2.69995     33.9813
   104.424     105.581      -1.5771     2.70111     33.9880
   105.213     106.379      -1.5705     2.70227     33.9961
   106.003     107.177      -1.5616     2.70356     34.0032
   106.890     108.075      -1.5544     2.70478     34.0114
   107.680     108.873      -1.5464     2.70589     34.0171
   108.469     109.671      -1.5402     2.70687     34.0230
   109.258     110.469      -1.5381     2.70764     34.0308
   110.146     111.367      -1.5365     2.70847     34.0400
   110.935     112.165      -1.5303     2.70994     34.0527
   111.626     112.864      -1.5139     2.71212     34.0637
   112.612     113.861      -1.5020     2.71380     34.0727
   113.401     114.659      -1.5071     2.71434     34.0855
   114.190     115.458      -1.5066     2.71502     34.0939
   114.782     116.056      -1.4953     2.71645     34.1002
   115.473     116.755      -1.4873     2.71776     34.1087
   116.262     117.553      -1.4837     2.71863     34.1161
   116.952     118.251      -1.4747     2.71952     34.1177
   117.643     118.949      -1.4657     2.72046     34.1199
   118.333     119.648      -1.4585     2.72130     34.1230
   119.122     120.446      -1.4580     2.72208     34.1326
   119.813     121.144      -1.4548     2.72281     34.1386
   120.602     121.942      -1.4477     2.72365     34.1415
   121.194     122.541      -1.4412     2.72460     34.1469
   121.884     123.239      -1.4297     2.72643     34.1586
   122.772     124.137      -1.3923     2.72965     34.1596
   123.364     124.736      -1.3670     2.73194     34.1618
   124.153     125.534      -1.3749     2.73177     34.1680
   124.844     126.232      -1.3814     2.73237     34.1833
   125.731     127.130      -1.3328     2.73603     34.1776
   126.323     127.729      -1.2983     2.73990     34.1911
   127.112     128.527      -1.2724     2.74284     34.2014
   127.704     129.126      -1.2377     2.74581     34.2022
   128.395     129.824      -1.2078     2.74878     34.2083
   129.085     130.522      -1.1810     2.75113     34.2096
   129.776     131.221      -1.1759     2.75245     34.2213
   130.367     131.819      -1.1632     2.75384     34.2256
   131.058     132.518      -1.1486     2.75548     34.2309
   131.748     133.216      -1.1420     2.75649     34.2368
   132.340     133.815      -1.1392     2.75726     34.2438
   133.129     134.613      -1.1245     2.75868     34.2458
   133.721     135.211      -1.1090     2.76022     34.2489
   134.313     135.810      -1.1010     2.76122     34.2531
   135.003     136.508      -1.0945     2.76192     34.2548
   135.694     137.207      -1.0889     2.76274     34.2591
   136.285     137.805      -1.0803     2.76374     34.2627
   136.976     138.504      -1.0730     2.76483     34.2687
   137.666     139.202      -1.0591     2.76630     34.2725
   138.455     140.000      -1.0400     2.76824     34.2768
   139.047     140.599      -1.0203     2.77025     34.2813
   139.836     141.397      -1.0042     2.77210     34.2877
   140.428     141.996      -0.9840     2.77409     34.2915
   141.217     142.794      -0.9606     2.77664     34.2990
   141.908     143.492      -0.9323     2.77936     34.3035
   142.499     144.091      -0.9081     2.78166     34.3069
   143.288     144.889      -0.8887     2.78383     34.3138
   143.979     145.587      -0.8650     2.78618     34.3183
   144.866     146.485      -0.8372     2.78913     34.3261
   145.557     147.183      -0.8013     2.79265     34.3326
   146.247     147.882      -0.7708     2.79575     34.3395
   147.036     148.680      -0.7430     2.79840     34.3433
   147.825     149.478      -0.7176     2.80081     34.3466
   148.614     150.276      -0.6995     2.80295     34.3545
   149.403     151.074      -0.6743     2.80533     34.3575
   150.094     151.773      -0.6501     2.80790     34.3643
   150.883     152.571      -0.6259     2.81033     34.3692
   151.672     153.369      -0.6007     2.81282     34.3736
   152.461     154.167      -0.5716     2.81562     34.3778
   153.151     154.866      -0.5422     2.81854     34.3835
   153.842     155.564      -0.5156     2.82115     34.3880
   154.532     156.262      -0.4937     2.82343     34.3934
   155.222     156.961      -0.4721     2.82565     34.3983
   155.913     157.659      -0.4527     2.82760     34.4020
   156.504     158.258      -0.4348     2.82982     34.4113
   157.392     159.156      -0.4005     2.83299     34.4144
   158.181     159.954      -0.3681     2.83625     34.4209
   158.871     160.652      -0.3401     2.83925     34.4289
   159.463     161.251      -0.3153     2.84190     34.4361
   160.351     162.149      -0.2923     2.84399     34.4374
   160.942     162.747      -0.2685     2.84621     34.4398
   161.731     163.545      -0.2416     2.84903     34.4466
   162.520     164.343      -0.2151     2.85219     34.4584
   163.309     165.142      -0.1772     2.85580     34.4632
   164.098     165.940      -0.1374     2.85935     34.4651
   164.887     166.738      -0.1042     2.86289     34.4742
   165.479     167.336      -0.0624     2.86659     34.4758
   166.268     168.135      -0.0386     2.86959     34.4884
   166.958     168.833      -0.0093     2.87214     34.4888
   167.550     169.431       0.0103     2.87440     34.4963
   168.339     170.230       0.0329     2.87635     34.4962
   169.029     170.928       0.0432     2.87748     34.4992
   169.720     171.626       0.0500     2.87877     34.5081
   170.410     172.325       0.0786     2.88129     34.5088
   171.199     173.123       0.1029     2.88379     34.5141
   171.790     173.721       0.1282     2.88611     34.5160
   172.579     174.520       0.1476     2.88821     34.5214
   173.270     175.218       0.1604     2.88995     34.5295
   173.960     175.916       0.1816     2.89168     34.5281
   174.650     176.615       0.1968     2.89340     34.5333
   175.439     177.413       0.2166     2.89587     34.5430
   176.130     178.111       0.2451     2.89868     34.5477
   176.918     178.909       0.2656     2.90079     34.5519
   177.806     179.807       0.2874     2.90239     34.5480
   178.398     180.406       0.2970     2.90341     34.5502
   179.285     181.304       0.3117     2.90482     34.5517
   179.975     182.002       0.3358     2.90707     34.5538
   180.863     182.900       0.3447     2.90905     34.5693
   181.553     183.598       0.3619     2.91082     34.5729
   182.342     184.396       0.3771     2.91217     34.5730
   183.131     185.195       0.3844     2.91358     34.5829
   184.019     186.093       0.4067     2.91574     34.5856
   184.807     186.891       0.4255     2.91738     34.5855
   185.596     187.689       0.4436     2.91946     34.5920
   186.385     188.487       0.4801     2.92277     34.5940
   187.174     189.285       0.5014     2.92575     34.6086
   187.963     190.083       0.5285     2.92831     34.6113
   188.850     190.981       0.5493     2.93071     34.6188
   189.738     191.879       0.5772     2.93297     34.6164
   190.428     192.577       0.5937     2.93528     34.6277
   191.217     193.375       0.6224     2.93769     34.6266
   192.104     194.273       0.6329     2.93902     34.6316
   192.795     194.972       0.6401     2.94014     34.6377
   193.682     195.870       0.6656     2.94228     34.6366
   194.471     196.668       0.6882     2.94474     34.6428
   195.358     197.566       0.7191     2.94725     34.6404
   196.147     198.364       0.7277     2.94867     34.6488
   196.936     199.162       0.7297     2.94906     34.6512
   197.725     199.960       0.7353     2.95023     34.6596
   198.514     200.758       0.7577     2.95238     34.6620
   199.303     201.556       0.7744     2.95384     34.6618
   200.190     202.454       0.7926     2.95535     34.6607
   200.979     203.252       0.8179     2.95787     34.6645
   201.866     204.150       0.8346     2.96039     34.6781
   202.655     204.948       0.8627     2.96347     34.6861
   203.444     205.746       0.8857     2.96647     34.6988
   204.233     206.545       0.9066     2.96872     34.7042
   205.120     207.443       0.9298     2.97098     34.7070
   205.810     208.141       0.9515     2.97295     34.7077
   206.599     208.939       0.9733     2.97454     34.7035
   207.585     209.937       0.9920     2.97619     34.7034
   208.374     210.735       1.0037     2.97858     34.7207
   209.163     211.533       1.0320     2.98153     34.7268
   209.951     212.331       1.0504     2.98399     34.7374
   210.839     213.229       1.0762     2.98616     34.7362
   211.430     213.828       1.0910     2.98832     34.7471
   212.318     214.725       1.1154     2.99089     34.7525
   213.205     215.623       1.1388     2.99352     34.7597
   213.994     216.421       1.1609     2.99568     34.7624
   214.783     217.220       1.1795     2.99719     34.7606
   215.571     218.018       1.1860     2.99783     34.7611
   216.360     218.816       1.1871     2.99801     34.7618
   217.149     219.614       1.1887     2.99810     34.7606
   217.740     220.213       1.1910     2.99814     34.7583
   218.726     221.210       1.1890     2.99814     34.7599
   219.416     221.909       1.1883     2.99814     34.7603
   220.205     222.707       1.1890     2.99818     34.7596
   220.895     223.405       1.1883     2.99822     34.7604
   221.586     224.103       1.1894     2.99823     34.7589
   222.276     224.802       1.1902     2.99817     34.7568
   222.867     225.400       1.1895     2.99814     34.7569
   223.656     226.199       1.1906     2.99819     34.7558
   224.247     226.797       1.1911     2.99824     34.7556
   225.036     227.595       1.1893     2.99829     34.7578
   225.825     228.393       1.1891     2.99835     34.7583
   226.614     229.192       1.1884     2.99840     34.7593
   227.304     229.890       1.1893     2.99846     34.7587
   228.092     230.688       1.1893     2.99852     34.7589
   228.684     231.287       1.1896     2.99855     34.7586
   229.473     232.085       1.1903     2.99862     34.7583
   230.261     232.883       1.1941     2.99952     34.7651
   230.952     233.581       1.2165     3.00162     34.7667
   231.642     234.280       1.2348     3.00389     34.7752
   232.430     235.078       1.2529     3.00568     34.7774
   233.219     235.876       1.2639     3.00713     34.7833
   234.008     236.674       1.2789     3.00887     34.7885
   234.796     237.472       1.2956     3.01089     34.7953
   235.487     238.171       1.3135     3.01305     34.8027
   236.275     238.969       1.3341     3.01511     34.8056
   236.867     239.567       1.3457     3.01616     34.8058
   237.557     240.266       1.3500     3.01638     34.8034
   238.247     240.964       1.3522     3.01649     34.8020
   238.937     241.662       1.3504     3.01657     34.8046
   239.627     242.361       1.3506     3.01660     34.8043
   240.219     242.959       1.3515     3.01662     34.8033
   240.810     243.558       1.3518     3.01668     34.8033
   241.402     244.156       1.3527     3.01674     34.8028
   242.092     244.855       1.3527     3.01680     34.8031
   242.683     245.453       1.3525     3.01682     34.8033
   243.275     246.052       1.3518     3.01681     34.8036
   243.965     246.750       1.3529     3.01684     34.8023
   244.655     247.449       1.3534     3.01690     34.8021
   245.246     248.047       1.3516     3.01692     34.8040
   245.936     248.746       1.3519     3.01692     34.8033
   246.528     249.344       1.3526     3.01695     34.8025
   247.218     250.043       1.3519     3.01701     34.8037
   247.809     250.641       1.3528     3.01708     34.8033
   248.499     251.340       1.3528     3.01715     34.8037
   249.189     252.038       1.3530     3.01718     34.8035
   249.879     252.736       1.3540     3.01718     34.8019
   250.471     253.335       1.3538     3.01717     34.8017
   251.161     254.033       1.3529     3.01720     34.8027
   251.950     254.831       1.3533     3.01727     34.8027
   252.640     255.530       1.3549     3.01731     34.8010
   253.330     256.228       1.3536     3.01734     34.8025
   253.921     256.827       1.3520     3.01740     34.8046
   254.611     257.525       1.3527     3.01740     34.8034
   255.301     258.223       1.3516     3.01733     34.8033
   255.991     258.922       1.3509     3.01728     34.8030
   256.681     259.620       1.3511     3.01722     34.8017
   257.371     260.319       1.3478     3.01702     34.8023
   258.160     261.117       1.3445     3.01671     34.8016
   258.850     261.815       1.3416     3.01651     34.8019
   259.540     262.513       1.3405     3.01642     34.8015
   260.230     263.212       1.3396     3.01638     34.8017
   260.821     263.810       1.3394     3.01647     34.8026
   261.610     264.608       1.3396     3.01673     34.8052
   262.103     265.107       1.3457     3.01739     34.8066
   262.793     265.806       1.3549     3.01858     34.8113
   263.483     266.504       1.3696     3.02023     34.8156
   264.173     267.202       1.3850     3.02196     34.8202
   264.764     267.801       1.3993     3.02343     34.8226
   265.454     268.499       1.4120     3.02474     34.8249
   266.046     269.098       1.4216     3.02584     34.8279
   266.637     269.697       1.4285     3.02648     34.8281
   267.130     270.195       1.4314     3.02670     34.8274
   267.820     270.894       1.4325     3.02678     34.8268
   268.313     271.393       1.4346     3.02717     34.8291
   268.904     271.991       1.4399     3.02783     34.8313
   269.594     272.690       1.4442     3.02828     34.8319
   270.087     273.188       1.4480     3.02864     34.8320
   270.777     273.887       1.4537     3.02933     34.8340
   271.467     274.585       1.4602     3.03014     34.8367
   272.157     275.283       1.4658     3.03078     34.8382
   272.847     275.982       1.4712     3.03129     34.8384
   273.537     276.680       1.4755     3.03166     34.8379
   274.227     277.379       1.4783     3.03198     34.8385
   274.917     278.077       1.4801     3.03236     34.8409
   275.804     278.975       1.4844     3.03275     34.8405
   276.494     279.673       1.4871     3.03301     34.8405
   277.282     280.471       1.4867     3.03306     34.8411
   278.169     281.369       1.4851     3.03307     34.8424
   278.859     282.068       1.4862     3.03321     34.8427
   279.549     282.766       1.4871     3.03343     34.8440
   280.338     283.564       1.4873     3.03358     34.8453
   281.126     284.362       1.4884     3.03366     34.8446
   281.915     285.160       1.4896     3.03374     34.8438
   282.703     285.958       1.4905     3.03385     34.8438
   283.393     286.657       1.4901     3.03395     34.8451
   284.379     287.654       1.4883     3.03395     34.8465
   285.069     288.353       1.4883     3.03392     34.8457
   285.759     289.051       1.4883     3.03392     34.8453
   286.547     289.849       1.4888     3.03401     34.8455
   287.336     290.647       1.4917     3.03436     34.8462
   288.124     291.445       1.4968     3.03484     34.8462
   288.814     292.144       1.4993     3.03509     34.8462
   289.701     293.042       1.4991     3.03521     34.8475
   290.489     293.840       1.5031     3.03565     34.8481
   291.278     294.638       1.5102     3.03638     34.8491
   291.968     295.336       1.5173     3.03709     34.8499
   292.855     296.234       1.5234     3.03773     34.8507
   293.545     296.933       1.5254     3.03823     34.8544
   294.333     297.731       1.5270     3.03848     34.8553
   295.023     298.429       1.5294     3.03857     34.8535
   296.009     299.427       1.5285     3.03868     34.8553
   296.698     300.125       1.5286     3.03879     34.8561
   297.487     300.923       1.5288     3.03883     34.8559
   298.177     301.622       1.5295     3.03882     34.8547
   299.064     302.519       1.5279     3.03873     34.8548
   299.754     303.218       1.5249     3.03854     34.8552
   300.542     304.016       1.5226     3.03834     34.8548
   301.331     304.814       1.5204     3.03821     34.8551
   302.119     305.612       1.5186     3.03812     34.8555
   303.006     306.510       1.5184     3.03804     34.8542
   303.794     307.308       1.5168     3.03795     34.8543
   304.484     308.007       1.5135     3.03774     34.8550
   305.174     308.705       1.5102     3.03744     34.8544
   305.962     309.503       1.5069     3.03720     34.8545
   306.849     310.401       1.5040     3.03707     34.8555
   307.539     311.099       1.5031     3.03697     34.8550
   308.229     311.798       1.5025     3.03682     34.8533
   309.116     312.696       1.4998     3.03666     34.8537
   309.806     313.394       1.4991     3.03652     34.8523
   310.594     314.192       1.4949     3.03617     34.8520
   311.284     314.890       1.4880     3.03572     34.8535
   312.072     315.688       1.4852     3.03550     34.8534
   312.861     316.487       1.4827     3.03530     34.8532
   313.649     317.285       1.4752     3.03480     34.8546
   314.438     318.083       1.4692     3.03422     34.8534
   315.226     318.881       1.4652     3.03373     34.8512
   316.014     319.679       1.4588     3.03326     34.8519
   316.704     320.377       1.4539     3.03291     34.8524
   317.394     321.076       1.4521     3.03277     34.8522
   318.281     321.974       1.4508     3.03254     34.8502
   318.971     322.672       1.4430     3.03191     34.8505
   319.858     323.570       1.4310     3.03103     34.8520
   320.547     324.268       1.4214     3.03029     34.8529
   321.434     325.166       1.4185     3.03000     34.8518
   322.223     325.964       1.4172     3.02992     34.8518
   323.011     326.762       1.4118     3.02929     34.8493
   323.799     327.561       1.3960     3.02807     34.8509
   324.489     328.259       1.3894     3.02738     34.8489
   325.277     329.057       1.3876     3.02733     34.8499
   326.066     329.855       1.3878     3.02745     34.8507
   326.756     330.554       1.3889     3.02762     34.8512
   327.642     331.451       1.3898     3.02777     34.8516
   328.529     332.349       1.3894     3.02780     34.8520
   329.219     333.048       1.3867     3.02754     34.8512
   329.909     333.746       1.3821     3.02708     34.8500
   330.796     334.644       1.3758     3.02652     34.8494
   331.584     335.442       1.3671     3.02586     34.8502
   332.274     336.140       1.3600     3.02531     34.8506
   333.062     336.938       1.3558     3.02495     34.8502
   333.850     337.737       1.3527     3.02472     34.8502
   334.639     338.535       1.3502     3.02459     34.8508
   335.328     339.233       1.3467     3.02434     34.8512
   336.018     339.931       1.3422     3.02389     34.8500
   336.905     340.829       1.3376     3.02341     34.8485
   337.595     341.528       1.3313     3.02286     34.8481
   338.284     342.226       1.3211     3.02197     34.8476
   339.073     343.024       1.3073     3.02094     34.8492
   339.762     343.723       1.3010     3.02027     34.8473
   340.551     344.521       1.2970     3.01998     34.8476
   341.438     345.419       1.2950     3.01989     34.8482
   342.127     346.117       1.2941     3.01989     34.8487
   342.718     346.715       1.2934     3.01978     34.8478
   343.507     347.514       1.2901     3.01953     34.8478
   344.196     348.212       1.2870     3.01935     34.8486
   344.985     349.010       1.2852     3.01939     34.8505
   345.576     349.609       1.2852     3.01949     34.8515
   346.167     350.207       1.2848     3.01945     34.8511
   346.857     350.906       1.2821     3.01914     34.8497
   347.744     351.803       1.2766     3.01852     34.8474
   348.236     352.302       1.2667     3.01779     34.8487
   349.024     353.100       1.2589     3.01715     34.8487
   349.714     353.799       1.2547     3.01660     34.8460
   350.404     354.497       1.2480     3.01618     34.8477
   351.192     355.295       1.2460     3.01605     34.8478
   351.882     355.994       1.2444     3.01603     34.8489
   352.670     356.792       1.2411     3.01580     34.8491
   353.458     357.590       1.2373     3.01539     34.8477
   354.049     358.188       1.2318     3.01499     34.8483
   354.838     358.987       1.2257     3.01454     34.8489
   355.429     359.585       1.2184     3.01397     34.8494
   356.118     360.284       1.2132     3.01351     34.8488
   356.808     360.982       1.2097     3.01322     34.8486
   357.892     362.079       1.2059     3.01298     34.8491
   358.779     362.977       1.2039     3.01272     34.8475
   359.468     363.676       1.1990     3.01244     34.8490
   360.158     364.374       1.1965     3.01219     34.8481
   360.946     365.172       1.1916     3.01167     34.8464
   361.636     365.870       1.1807     3.01080     34.8471
   362.424     366.668       1.1724     3.01016     34.8475
   363.114     367.367       1.1708     3.00999     34.8467
   363.803     368.065       1.1686     3.01006     34.8497
   364.493     368.764       1.1704     3.01026     34.8499
   365.183     369.462       1.1691     3.01014     34.8493
   365.872     370.160       1.1619     3.00949     34.8486
   366.562     370.859       1.1544     3.00897     34.8499
   367.252     371.557       1.1530     3.00890     34.8501
   368.040     372.355       1.1541     3.00891     34.8486
   368.828     373.153       1.1502     3.00862     34.8488
   369.517     373.852       1.1443     3.00827     34.8505
   370.404     374.749       1.1430     3.00828     34.8515
   371.094     375.448       1.1459     3.00867     34.8528
   371.783     376.146       1.1508     3.00913     34.8529
   372.572     376.944       1.1526     3.00934     34.8532
   373.261     377.643       1.1525     3.00936     34.8531
   374.049     378.441       1.1506     3.00924     34.8532
   374.837     379.239       1.1462     3.00889     34.8532
   375.527     379.937       1.1417     3.00847     34.8524
   376.217     380.636       1.1370     3.00808     34.8522
   376.906     381.334       1.1321     3.00777     34.8533
   377.694     382.132       1.1301     3.00764     34.8533
   378.483     382.930       1.1281     3.00747     34.8529
   379.074     383.529       1.1227     3.00709     34.8537
   379.763     384.227       1.1183     3.00666     34.8527
   380.551     385.025       1.1146     3.00628     34.8514
   381.339     385.823       1.1138     3.00600     34.8483
   382.128     386.621       1.1131     3.00588     34.8471
   382.719     387.220       1.1116     3.00582     34.8477
   383.507     388.018       1.1071     3.00573     34.8510
   384.393     388.916       1.1028     3.00549     34.8522
   384.984     389.515       1.1000     3.00517     34.8509
   385.674     390.213       1.0988     3.00509     34.8508
   386.561     391.111       1.0979     3.00518     34.8524
   387.250     391.809       1.0977     3.00515     34.8518
   388.038     392.607       1.0964     3.00501     34.8510
   388.728     393.306       1.0937     3.00480     34.8509
   389.516     394.104       1.0885     3.00440     34.8511
   390.107     394.702       1.0809     3.00384     34.8520
   390.994     395.600       1.0755     3.00344     34.8524
   391.683     396.299       1.0753     3.00330     34.8504
   392.373     396.997       1.0726     3.00306     34.8500
   393.161     397.795       1.0650     3.00268     34.8531
   393.949     398.593       1.0627     3.00237     34.8512
   394.638     399.292       1.0602     3.00217     34.8510
   395.525     400.189       1.0567     3.00197     34.8517
   396.214     400.888       1.0526     3.00170     34.8525
   397.003     401.686       1.0506     3.00148     34.8514
   397.692     402.384       1.0499     3.00141     34.8509
   398.283     402.983       1.0506     3.00149     34.8508
   399.170     403.881       1.0506     3.00166     34.8525
   399.859     404.579       1.0547     3.00194     34.8511
   400.647     405.377       1.0560     3.00222     34.8527
   401.435     406.175       1.0526     3.00197     34.8528
   402.125     406.874       1.0464     3.00146     34.8528
   402.814     407.572       1.0450     3.00123     34.8511
   403.701     408.470       1.0385     3.00093     34.8538
   404.292     409.068       1.0347     3.00071     34.8550
   405.080     409.867       1.0372     3.00080     34.8528
   405.868     410.665       1.0356     3.00072     34.8531
   406.656     411.463       1.0327     3.00047     34.8528
   407.444     412.261       1.0313     3.00035     34.8522
   408.133     412.959       1.0288     3.00022     34.8529
   408.823     413.658       1.0255     2.99996     34.8529
   409.709     414.556       1.0226     2.99976     34.8530
   410.399     415.254       1.0212     2.99959     34.8520
   411.088     415.952       1.0181     2.99932     34.8516
   411.975     416.850       1.0118     2.99895     34.8533
   412.763     417.648       1.0071     2.99845     34.8517
   413.551     418.446       1.0015     2.99794     34.8509
   414.339     419.244       0.9957     2.99752     34.8514
   415.028     419.943       0.9885     2.99693     34.8514
   415.718     420.641       0.9802     2.99625     34.8515
   416.407     421.340       0.9752     2.99585     34.8516
   417.097     422.038       0.9732     2.99571     34.8516
   417.983     422.936       0.9714     2.99554     34.8510
   418.673     423.634       0.9671     2.99525     34.8516
   419.461     424.432       0.9643     2.99504     34.8515
   420.150     425.131       0.9640     2.99508     34.8520
   421.037     426.028       0.9654     2.99503     34.8493
   421.726     426.727       0.9586     2.99459     34.8508
   422.514     427.525       0.9530     2.99414     34.8507
   423.203     428.223       0.9510     2.99389     34.8493
   423.893     428.922       0.9460     2.99367     34.8517
   424.681     429.720       0.9433     2.99331     34.8497
   425.567     430.618       0.9377     2.99278     34.8485
   426.355     431.416       0.9287     2.99222     34.8509
   427.143     432.214       0.9242     2.99178     34.8497
   427.833     432.912       0.9197     2.99131     34.8483
   428.719     433.810       0.9148     2.99084     34.8472
   429.408     434.508       0.9083     2.99039     34.8483
   430.196     435.307       0.9029     2.98993     34.8479
   430.984     436.105       0.8986     2.98958     34.8477
   431.871     437.003       0.8948     2.98929     34.8477
   432.659     437.801       0.8898     2.98898     34.8488
   433.348     438.499       0.8871     2.98868     34.8475
   434.136     439.297       0.8833     2.98840     34.8477
   435.022     440.195       0.8813     2.98813     34.8458
   435.712     440.893       0.8757     2.98777     34.8471
   436.500     441.691       0.8705     2.98741     34.8479
   437.386     442.589       0.8669     2.98702     34.8463
   438.272     443.487       0.8620     2.98657     34.8454
   438.962     444.186       0.8564     2.98626     34.8472
   439.848     445.083       0.8550     2.98613     34.8467
   440.538     445.782       0.8532     2.98606     34.8473
   441.325     446.580       0.8530     2.98604     34.8468
   442.113     447.378       0.8519     2.98607     34.8480
   442.803     448.076       0.8505     2.98606     34.8490
   443.689     448.974       0.8482     2.98583     34.8481
   444.575     449.872       0.8453     2.98542     34.8455
   445.265     450.570       0.8397     2.98498     34.8456
   446.151     451.468       0.8334     2.98442     34.8450
   446.742     452.067       0.8251     2.98377     34.8455
   447.628     452.965       0.8194     2.98328     34.8450
   448.318     453.663       0.8136     2.98283     34.8452
   449.204     454.561       0.8066     2.98224     34.8450
   449.893     455.259       0.7994     2.98166     34.8451
   450.878     456.257       0.7949     2.98124     34.8440
   451.567     456.955       0.7908     2.98099     34.8450
   452.355     457.753       0.7886     2.98078     34.8443
   453.045     458.452       0.7850     2.98043     34.8434
   454.029     459.449       0.7771     2.97996     34.8456
   454.620     460.048       0.7735     2.97954     34.8438
   455.408     460.846       0.7690     2.97916     34.8434
   456.196     461.644       0.7656     2.97896     34.8442
   456.984     462.442       0.7654     2.97892     34.8434
   457.673     463.141       0.7611     2.97878     34.8460
   458.559     464.039       0.7622     2.97881     34.8446
   459.249     464.737       0.7631     2.97906     34.8465
   460.037     465.535       0.7633     2.97921     34.8477
   460.824     466.333       0.7633     2.97907     34.8454
   461.415     466.932       0.7584     2.97869     34.8456
   462.301     467.830       0.7521     2.97822     34.8461
   463.089     468.628       0.7478     2.97775     34.8443
   463.877     469.426       0.7437     2.97731     34.8427
   464.665     470.224       0.7365     2.97679     34.8436
   465.354     470.922       0.7284     2.97617     34.8443
   466.043     471.621       0.7237     2.97569     34.8429
   466.930     472.519       0.7181     2.97532     34.8438
   467.619     473.217       0.7124     2.97490     34.8443
   468.407     474.015       0.7077     2.97452     34.8442
   469.195     474.813       0.7067     2.97432     34.8423
   469.884     475.511       0.7058     2.97424     34.8418
   470.573     476.210       0.7020     2.97412     34.8441
   471.459     477.108       0.7004     2.97393     34.8429
   472.149     477.806       0.6975     2.97367     34.8425
   472.936     478.604       0.6964     2.97348     34.8408
   473.626     479.302       0.6953     2.97348     34.8416
   474.413     480.101       0.6946     2.97359     34.8433
   475.103     480.799       0.6953     2.97376     34.8443
   475.989     481.697       0.6951     2.97398     34.8469
   476.777     482.495       0.6978     2.97415     34.8455
   477.564     483.293       0.6978     2.97416     34.8453
   478.254     483.991       0.6978     2.97410     34.8441
   479.041     484.789       0.6971     2.97403     34.8434
   479.731     485.488       0.6942     2.97391     34.8447
   480.321     486.086       0.6926     2.97375     34.8441
   481.208     486.984       0.6892     2.97355     34.8448
   481.995     487.782       0.6857     2.97324     34.8442
   482.783     488.581       0.6814     2.97290     34.8442
   483.374     489.179       0.6785     2.97270     34.8445
   484.260     490.077       0.6771     2.97262     34.8445
   484.949     490.775       0.6751     2.97255     34.8454
   485.737     491.573       0.6737     2.97251     34.8460
   486.525     492.372       0.6721     2.97251     34.8473
   487.312     493.170       0.6731     2.97248     34.8454
   488.002     493.868       0.6726     2.97245     34.8451
   488.789     494.666       0.6710     2.97245     34.8464
   489.577     495.464       0.6713     2.97238     34.8447
   490.365     496.262       0.6679     2.97223     34.8461
   491.054     496.961       0.6652     2.97212     34.8472
   491.842     497.759       0.6648     2.97207     34.8467
   492.531     498.457       0.6625     2.97203     34.8483
   493.318     499.255       0.6607     2.97196     34.8490
   494.008     499.954       0.6610     2.97192     34.8477
   494.894     500.851       0.6614     2.97185     34.8457
   495.485     501.450       0.6589     2.97166     34.8458
   496.371     502.348       0.6558     2.97147     34.8462
   497.060     503.046       0.6536     2.97135     34.8468
   497.749     503.745       0.6518     2.97132     34.8480
   498.635     504.642       0.6520     2.97141     34.8483
   499.226     505.241       0.6536     2.97160     34.8486
   500.112     506.139       0.6563     2.97171     34.8466
   500.801     506.837       0.6556     2.97165     34.8462
   501.589     507.635       0.6525     2.97149     34.8472
   502.376     508.433       0.6502     2.97130     34.8468
   503.066     509.132       0.6482     2.97111     34.8462
   503.853     509.930       0.6462     2.97099     34.8464
   504.542     510.628       0.6417     2.97091     34.8499
   505.232     511.327       0.6413     2.97083     34.8490
   506.019     512.125       0.6393     2.97075     34.8497
   506.807     512.923       0.6379     2.97064     34.8494
   507.693     513.821       0.6361     2.97057     34.8499
   508.382     514.519       0.6363     2.97055     34.8491
   509.170     515.317       0.6365     2.97039     34.8463
   509.760     515.916       0.6323     2.96997     34.8452
   510.646     516.814       0.6246     2.96948     34.8469
   511.336     517.512       0.6190     2.96923     34.8495
   512.025     518.210       0.6181     2.96916     34.8493
   512.812     519.008       0.6174     2.96898     34.8472
   513.698     519.906       0.6142     2.96876     34.8474
   514.388     520.605       0.6120     2.96863     34.8478
   515.175     521.403       0.6095     2.96851     34.8485
   515.864     522.101       0.6064     2.96831     34.8491
   516.652     522.899       0.6041     2.96809     34.8482
   517.341     523.598       0.6019     2.96789     34.8478
   518.030     524.296       0.5994     2.96774     34.8482
   518.818     525.094       0.5972     2.96766     34.8491
   519.605     525.892       0.5983     2.96758     34.8464
   520.393     526.690       0.5951     2.96739     34.8470
   521.180     527.488       0.5926     2.96720     34.8469
   521.870     528.187       0.5895     2.96704     34.8479
   522.559     528.885       0.5870     2.96691     34.8486
   523.346     529.683       0.5841     2.96672     34.8489
   524.035     530.381       0.5825     2.96646     34.8470
   524.724     531.080       0.5794     2.96629     34.8478
   525.512     531.878       0.5765     2.96608     34.8478
   526.398     532.776       0.5712     2.96570     34.8483
   527.087     533.474       0.5676     2.96532     34.8470
   527.875     534.272       0.5636     2.96507     34.8478
   528.564     534.971       0.5613     2.96491     34.8479
   529.351     535.769       0.5593     2.96476     34.8477
   530.139     536.567       0.5577     2.96464     34.8475
   530.729     537.165       0.5548     2.96452     34.8488
   531.517     537.963       0.5528     2.96430     34.8477
   532.403     538.861       0.5484     2.96411     34.8497
   533.092     539.560       0.5496     2.96406     34.8473
   533.781     540.258       0.5496     2.96399     34.8459
   534.569     541.056       0.5456     2.96383     34.8480
   535.258     541.754       0.5438     2.96368     34.8476
   536.045     542.553       0.5431     2.96358     34.8465
   536.734     543.251       0.5404     2.96353     34.8486
   537.522     544.049       0.5399     2.96350     34.8482
   538.211     544.747       0.5381     2.96346     34.8494
   539.097     545.645       0.5381     2.96346     34.8488
   539.687     546.244       0.5377     2.96340     34.8481
   540.278     546.842       0.5355     2.96333     34.8494
   540.770     547.341       0.5341     2.96337     34.8511
   541.164     547.740       0.5361     2.96345     34.8498
   541.262     547.840       0.5369     2.96354     34.8499
